om power
0.50 8.80708e-6
0.52 9.20693e-6
0.54 9.60596e-6
0.56 1.00021e-5
0.58 1.03933e-5
0.60 1.07775e-5
0.62 1.11525e-5
0.64 1.15164e-5
0.66 1.18670e-5
0.68 1.22026e-5
0.70 1.25212e-5
0.72 1.28212e-5
0.74 1.31010e-5
0.76 1.33594e-5
0.78 1.35951e-5
0.80 1.38073e-5
0.82 1.39953e-5
0.84 1.41586e-5
0.86 1.42974e-5
0.88 1.44116e-5
0.90 1.45020e-5
0.92 1.45694e-5
0.94 1.46151e-5
0.96 1.46406e-5
0.98 1.46479e-5
1.00 1.46394e-5
1.02 1.46177e-5
1.04 1.45857e-5
1.06 1.45469e-5
1.08 1.45049e-5
1.10 1.44635e-5
1.12 1.44270e-5
1.14 1.43998e-5
1.16 1.43866e-5
1.18 1.43921e-5
1.20 1.44212e-5
1.22 1.44790e-5
1.24 1.45704e-5
1.26 1.47006e-5
1.28 1.48745e-5
1.30 1.50970e-5
1.32 1.53729e-5
1.34 1.57067e-5
1.36 1.61028e-5
1.38 1.65652e-5
1.40 1.70975e-5
1.42 1.77030e-5
1.44 1.83848e-5
1.46 1.91452e-5
1.48 1.99861e-5
1.50 2.09090e-5
1.52 2.19147e-5
1.54 2.30037e-5
1.56 2.41755e-5
1.58 2.54293e-5
1.60 2.67636e-5
1.62 2.81763e-5
1.64 2.96647e-5
1.66 3.12255e-5
1.68 3.28547e-5
1.70 3.45480e-5
1.72 3.63004e-5
1.74 3.81063e-5
1.76 3.99597e-5
1.78 4.18542e-5
1.80 4.37831e-5
1.82 4.57392e-5
1.84 4.77150e-5
1.86 4.97027e-5
1.88 5.16947e-5
1.90 5.36827e-5
1.92 5.56587e-5
1.94 5.76146e-5
1.96 5.95423e-5
1.98 6.14338e-5
2.00 6.32814e-5
2.02 6.50773e-5
2.04 6.68142e-5
2.06 6.84850e-5
2.08 7.00832e-5
2.10 7.16023e-5
2.12 7.30365e-5
2.14 7.43805e-5
2.16 7.56294e-5
2.18 7.67787e-5
2.20 7.78248e-5
2.22 7.87643e-5
2.24 7.95947e-5
2.26 8.03139e-5
2.28 8.09203e-5
2.30 8.14131e-5
2.32 8.17919e-5
2.34 8.20569e-5
2.36 8.22088e-5
2.38 8.22490e-5
2.40 8.21790e-5
2.42 8.20012e-5
2.44 8.17180e-5
2.46 8.13325e-5
2.48 8.08480e-5
2.50 8.02681e-5
2.52 7.95967e-5
2.54 7.88380e-5
2.56 7.79961e-5
2.58 7.70757e-5
2.60 7.60810e-5
2.62 7.50169e-5
2.64 7.38879e-5
2.66 7.26986e-5
2.68 7.14535e-5
2.70 7.01572e-5
2.72 6.88140e-5
2.74 6.74282e-5
2.76 6.60038e-5
2.78 6.45449e-5
2.80 6.30551e-5
2.82 6.15381e-5
2.84 5.99972e-5
2.86 5.84355e-5
2.88 5.68561e-5
2.90 5.52618e-5
2.92 5.36550e-5
2.94 5.20382e-5
2.96 5.04137e-5
2.98 4.87835e-5
3.00 4.71496e-5
3.02 4.55137e-5
3.04 4.38777e-5
3.06 4.22432e-5
3.08 4.06118e-5
3.10 3.89849e-5
3.12 3.73642e-5
3.14 3.57512e-5
3.16 3.41474e-5
3.18 3.25544e-5
3.20 3.09738e-5
3.22 2.94074e-5
3.24 2.78569e-5
3.26 2.63243e-5
3.28 2.48114e-5
3.30 2.33204e-5
3.32 2.18533e-5
3.34 2.04126e-5
3.36 1.90005e-5
3.38 1.76195e-5
3.40 1.62721e-5
3.42 1.49609e-5
3.44 1.36886e-5
3.46 1.24578e-5
3.48 1.12713e-5
3.50 1.01317e-5
3.52 9.04174e-6
3.54 8.00401e-6
3.56 7.02106e-6
3.58 6.09536e-6
3.60 5.22923e-6
3.62 4.42486e-6
3.64 3.68426e-6
3.66 3.00926e-6
3.68 2.40148e-6
3.70 1.86228e-6
3.72 1.39279e-6
3.74 9.93863e-7
3.76 6.66074e-7
3.78 4.09703e-7
3.80 2.24728e-7
3.82 1.10822e-7
3.84 6.73495e-8
3.86 9.33666e-8
3.88 1.87628e-7
3.90 3.48594e-7
3.92 5.74438e-7
3.94 8.63066e-7
3.96 1.21213e-6
3.98 1.61905e-6
4.00 2.08103e-6
4.02 2.59509e-6
4.04 3.15809e-6
4.06 3.76677e-6
4.08 4.41775e-6
4.10 5.10759e-6
4.12 5.83281e-6
4.14 6.58993e-6
4.16 7.37549e-6
4.18 8.18609e-6
4.20 9.01842e-6
4.22 9.86929e-6
4.24 1.07356e-5
4.26 1.16146e-5
4.28 1.25035e-5
4.30 1.34000e-5
4.32 1.43016e-5
4.34 1.52066e-5
4.36 1.61131e-5
4.38 1.70198e-5
4.40 1.79255e-5
4.42 1.88292e-5
4.44 1.97304e-5
4.46 2.06287e-5
4.48 2.15240e-5
4.50 2.24165e-5
4.52 2.33065e-5
4.54 2.41945e-5
4.56 2.50813e-5
4.58 2.59678e-5
4.60 2.68549e-5
4.62 2.77438e-5
4.64 2.86355e-5
4.66 2.95312e-5
4.68 3.04319e-5
4.70 3.13388e-5
4.72 3.22528e-5
4.74 3.31747e-5
4.76 3.41051e-5
4.78 3.50446e-5
4.80 3.59933e-5
4.82 3.69512e-5
4.84 3.79179e-5
4.86 3.88928e-5
4.88 3.98749e-5
4.90 4.08628e-5
4.92 4.18550e-5
4.94 4.28491e-5
4.96 4.38430e-5
4.98 4.48337e-5
5.00 4.58180e-5
5.02 4.67926e-5
5.04 4.77534e-5
5.06 4.86964e-5
5.08 4.96171e-5
5.10 5.05108e-5
5.12 5.13727e-5
5.14 5.21976e-5
5.16 5.29803e-5
5.18 5.37156e-5
5.20 5.43980e-5
5.22 5.50224e-5
5.24 5.55834e-5
5.26 5.60759e-5
5.28 5.64949e-5
5.30 5.68357e-5
5.32 5.70938e-5
5.34 5.72652e-5
5.36 5.73460e-5
5.38 5.73331e-5
5.40 5.72234e-5
5.42 5.70148e-5
5.44 5.67055e-5
5.46 5.62942e-5
5.48 5.57804e-5
5.50 5.51640e-5
5.52 5.44459e-5
5.54 5.36274e-5
5.56 5.27104e-5
5.58 5.16976e-5
5.60 5.05923e-5
5.62 4.93983e-5
5.64 4.81204e-5
5.66 4.67634e-5
5.68 4.53332e-5
5.70 4.38358e-5
5.72 4.22778e-5
5.74 4.06663e-5
5.76 3.90087e-5
5.78 3.73126e-5
5.80 3.55861e-5
5.82 3.38371e-5
5.84 3.20739e-5
5.86 3.03048e-5
5.88 2.85381e-5
5.90 2.67820e-5
5.92 2.50445e-5
5.94 2.33335e-5
5.96 2.16566e-5
5.98 2.00211e-5
6.00 1.84338e-5
6.02 1.69013e-5
6.04 1.54296e-5
6.06 1.40242e-5
6.08 1.26901e-5
6.10 1.14317e-5
6.12 1.02530e-5
6.14 9.15699e-6
6.16 8.14644e-6
6.18 7.22334e-6
6.20 6.38907e-6
6.22 5.64443e-6
6.24 4.98962e-6
6.26 4.42428e-6
6.28 3.94751e-6
6.30 3.55788e-6
6.32 3.25350e-6
6.34 3.03204e-6
6.36 2.89077e-6
6.38 2.82662e-6
6.40 2.83619e-6
6.42 2.91587e-6
6.44 3.06180e-6
6.46 3.26999e-6
6.48 3.53635e-6
6.50 3.85673e-6
6.52 4.22695e-6
6.54 4.64290e-6
6.56 5.10051e-6
6.58 5.59587e-6
6.60 6.12518e-6
6.62 6.68484e-6
6.64 7.27147e-6
6.66 7.88190e-6
6.68 8.51321e-6
6.70 9.16275e-6
6.72 9.82812e-6
6.74 1.05072e-5
6.76 1.11982e-5
6.78 1.18994e-5
6.80 1.26094e-5
6.82 1.33273e-5
6.84 1.40520e-5
6.86 1.47828e-5
6.88 1.55191e-5
6.90 1.62604e-5
6.92 1.70065e-5
6.94 1.77569e-5
6.96 1.85115e-5
6.98 1.92700e-5
7.00 2.00320e-5
7.02 2.07972e-5
7.04 2.15652e-5
7.06 2.23352e-5
7.08 2.31067e-5
7.10 2.38786e-5
7.12 2.46498e-5
7.14 2.54191e-5
7.16 2.61848e-5
7.18 2.69452e-5
7.20 2.76983e-5
7.22 2.84419e-5
7.24 2.91735e-5
7.26 2.98905e-5
7.28 3.05899e-5
7.30 3.12689e-5
7.32 3.19241e-5
7.34 3.25524e-5
7.36 3.31503e-5
7.38 3.37144e-5
7.40 3.42412e-5
7.42 3.47274e-5
7.44 3.51694e-5
7.46 3.55642e-5
7.48 3.59084e-5
7.50 3.61992e-5
7.52 3.64338e-5
7.54 3.66097e-5
7.56 3.67247e-5
7.58 3.67769e-5
7.60 3.67649e-5
7.62 3.66873e-5
7.64 3.65436e-5
7.66 3.63333e-5
7.68 3.60564e-5
7.70 3.57136e-5
7.72 3.53057e-5
7.74 3.48340e-5
7.76 3.43004e-5
7.78 3.37070e-5
7.80 3.30565e-5
7.82 3.23516e-5
7.84 3.15957e-5
7.86 3.07924e-5
7.88 2.99455e-5
7.90 2.90591e-5
7.92 2.81375e-5
7.94 2.71851e-5
7.96 2.62064e-5
7.98 2.52061e-5
8.00 2.41889e-5
8.02 2.31592e-5
8.04 2.21218e-5
8.06 2.10812e-5
8.08 2.00415e-5
8.10 1.90071e-5
8.12 1.79819e-5
8.14 1.69696e-5
8.16 1.59738e-5
8.18 1.49976e-5
8.20 1.40441e-5
8.22 1.31158e-5
8.24 1.22151e-5
8.26 1.13440e-5
8.28 1.05042e-5
8.30 9.69711e-6
8.32 8.92392e-6
8.34 8.18542e-6
8.36 7.48219e-6
8.38 6.81458e-6
8.40 6.18267e-6
8.42 5.58639e-6
8.44 5.02545e-6
8.46 4.49943e-6
8.48 4.00778e-6
8.50 3.54983e-6
8.52 3.12485e-6
8.54 2.73205e-6
8.56 2.37058e-6
8.58 2.03960e-6
8.60 1.73825e-6
8.62 1.46571e-6
8.64 1.22115e-6
8.66 1.00380e-6
8.68 8.12903e-7
8.70 6.47760e-7
8.72 5.07700e-7
8.74 3.92090e-7
8.76 3.00323e-7
8.78 2.31810e-7
8.80 1.85968e-7
8.82 1.62210e-7
8.84 1.59927e-7
8.86 1.78475e-7
8.88 2.17160e-7
8.90 2.75220e-7
8.92 3.51813e-7
8.94 4.46001e-7
8.96 5.56739e-7
8.98 6.82863e-7
9.00 8.23085e-7
9.02 9.75984e-7
9.04 1.14001e-6
9.06 1.31346e-6
9.08 1.49454e-6
9.10 1.68130e-6
9.12 1.87171e-6
9.14 2.06361e-6
9.16 2.25480e-6
9.18 2.44300e-6
9.20 2.62593e-6
9.22 2.80126e-6
9.24 2.96674e-6
9.26 3.12014e-6
9.28 3.25933e-6
9.30 3.38230e-6
9.32 3.48720e-6
9.34 3.57235e-6
9.36 3.63631e-6
9.38 3.67788e-6
9.40 3.69610e-6
9.42 3.69034e-6
9.44 3.66029e-6
9.46 3.60593e-6
9.48 3.52762e-6
9.50 3.42605e-6
9.52 3.30226e-6
9.54 3.15765e-6
9.56 2.99394e-6
9.58 2.81317e-6
9.60 2.61769e-6
9.62 2.41013e-6
9.64 2.19335e-6
9.66 1.97043e-6
9.68 1.74463e-6
9.70 1.51933e-6
9.72 1.29799e-6
9.74 1.08412e-6
9.76 8.81205e-7
9.78 6.92678e-7
9.80 5.21853e-7
9.82 3.71883e-7
9.84 2.45712e-7
9.86 1.46026e-7
9.88 7.52146e-8
9.90 3.53273e-8
9.92 2.80427e-8
9.94 5.46367e-8
9.96 1.15959e-7
9.98 2.12415e-7
10.00 3.43954e-7
10.02 5.10061e-7
10.04 7.09763e-7
10.06 9.41634e-7
10.08 1.20381e-6
10.10 1.49400e-6
10.12 1.80955e-6
10.14 2.14741e-6
10.16 2.50426e-6
10.18 2.87645e-6
10.20 3.26016e-6
10.22 3.65134e-6
10.24 4.04587e-6
10.26 4.43951e-6
10.28 4.82806e-6
10.30 5.20733e-6
10.32 5.57326e-6
10.34 5.92192e-6
10.36 6.24963e-6
10.38 6.55293e-6
10.40 6.82870e-6
10.42 7.07415e-6
10.44 7.28688e-6
10.46 7.46491e-6
10.48 7.60671e-6
10.50 7.71117e-6
10.52 7.77771e-6
10.54 7.80619e-6
10.56 7.79694e-6
10.58 7.75079e-6
10.60 7.66899e-6
10.62 7.55325e-6
10.64 7.40567e-6
10.66 7.22872e-6
10.68 7.02521e-6
10.70 6.79825e-6
10.72 6.55119e-6
10.74 6.28759e-6
10.76 6.01116e-6
10.78 5.72568e-6
10.80 5.43502e-6
10.82 5.14300e-6
10.84 4.85340e-6
10.86 4.56989e-6
10.88 4.29597e-6
10.90 4.03493e-6
10.92 3.78982e-6
10.94 3.56340e-6
10.96 3.35811e-6
10.98 3.17604e-6
11.00 3.01889e-6
11.02 2.88799e-6
11.04 2.78426e-6
11.06 2.70818e-6
11.08 2.65986e-6
11.10 2.63897e-6
11.12 2.64479e-6
11.14 2.67622e-6
11.16 2.73178e-6
11.18 2.80968e-6
11.20 2.90781e-6
11.22 3.02376e-6
11.24 3.15491e-6
11.26 3.29843e-6
11.28 3.45134e-6
11.30 3.61053e-6
11.32 3.77282e-6
11.34 3.93503e-6
11.36 4.09395e-6
11.38 4.24649e-6
11.40 4.38962e-6
11.42 4.52048e-6
11.44 4.63639e-6
11.46 4.73492e-6
11.48 4.81385e-6
11.50 4.87130e-6
11.52 4.90568e-6
11.54 4.91574e-6
11.56 4.90060e-6
11.58 4.85976e-6
11.60 4.79312e-6
11.62 4.70095e-6
11.64 4.58394e-6
11.66 4.44318e-6
11.68 4.28015e-6
11.70 4.09674e-6
11.72 3.89518e-6
11.74 3.67810e-6
11.76 3.44844e-6
11.78 3.20949e-6
11.80 2.96483e-6
11.82 2.71829e-6
11.84 2.47397e-6
11.86 2.23617e-6
11.88 2.00937e-6
11.90 1.79820e-6
11.92 1.60738e-6
11.94 1.44175e-6
11.96 1.30613e-6
11.98 1.20541e-6
12.00 1.14440e-6
12.02 1.12786e-6
12.04 1.16045e-6
12.06 1.24670e-6
12.08 1.39096e-6
12.10 1.59738e-6
12.12 1.86989e-6
12.14 2.21215e-6
12.16 2.62754e-6
12.18 3.11910e-6
12.20 3.68956e-6
12.22 4.34127e-6
12.24 5.07621e-6
12.26 5.89595e-6
12.28 6.80162e-6
12.30 7.79396e-6
12.32 8.87323e-6
12.34 1.00392e-5
12.36 1.12913e-5
12.38 1.26284e-5
12.40 1.40488e-5
12.42 1.55504e-5
12.44 1.71308e-5
12.46 1.87868e-5
12.48 2.05149e-5
12.50 2.23113e-5
12.52 2.41713e-5
12.54 2.60902e-5
12.56 2.80626e-5
12.58 3.00828e-5
12.60 3.21446e-5
12.62 3.42417e-5
12.64 3.63670e-5
12.66 3.85135e-5
12.68 4.06737e-5
12.70 4.28397e-5
12.72 4.50037e-5
12.74 4.71573e-5
12.76 4.92924e-5
12.78 5.14002e-5
12.80 5.34724e-5
12.82 5.55002e-5
12.84 5.74750e-5
12.86 5.93883e-5
12.88 6.12315e-5
12.90 6.29962e-5
12.92 6.46743e-5
12.94 6.62578e-5
12.96 6.77390e-5
12.98 6.91106e-5
13.00 7.03655e-5
13.02 7.14972e-5
13.04 7.24996e-5
13.06 7.33671e-5
13.08 7.40947e-5
13.10 7.46779e-5
13.12 7.51128e-5
13.14 7.53965e-5
13.16 7.55263e-5
13.18 7.55005e-5
13.20 7.53182e-5
13.22 7.49791e-5
13.24 7.44837e-5
13.26 7.38335e-5
13.28 7.30305e-5
13.30 7.20776e-5
13.32 7.09785e-5
13.34 6.97378e-5
13.36 6.83605e-5
13.38 6.68528e-5
13.40 6.52211e-5
13.42 6.34727e-5
13.44 6.16157e-5
13.46 5.96585e-5
13.48 5.76101e-5
13.50 5.54800e-5
13.52 5.32781e-5
13.54 5.10146e-5
13.56 4.87000e-5
13.58 4.63451e-5
13.60 4.39607e-5
13.62 4.15577e-5
13.64 3.91470e-5
13.66 3.67396e-5
13.68 3.43460e-5
13.70 3.19767e-5
13.72 2.96418e-5
13.74 2.73512e-5
13.76 2.51142e-5
13.78 2.29397e-5
13.80 2.08358e-5
13.82 1.88105e-5
13.84 1.68706e-5
13.86 1.50226e-5
13.88 1.32721e-5
13.90 1.16239e-5
13.92 1.00823e-5
13.94 8.65035e-6
13.96 7.33069e-6
13.98 6.12498e-6
14.00 5.03410e-6
14.02 4.05816e-6
14.04 3.19647e-6
14.06 2.44762e-6
14.08 1.80946e-6
14.10 1.27919e-6
14.12 8.53329e-7
14.14 5.27835e-7
14.16 2.98105e-7
14.18 1.59050e-7
14.20 1.05146e-7
14.22 1.30492e-7
14.24 2.28871e-7
14.26 3.93815e-7
14.28 6.18662e-7
14.30 8.96620e-7
14.32 1.22083e-6
14.34 1.58442e-6
14.36 1.98057e-6
14.38 2.40257e-6
14.40 2.84386e-6
14.42 3.29810e-6
14.44 3.75918e-6
14.46 4.22132e-6
14.48 4.67904e-6
14.50 5.12725e-6
14.52 5.56126e-6
14.54 5.97678e-6
14.56 6.36999e-6
14.58 6.73752e-6
14.60 7.07646e-6
14.62 7.38438e-6
14.64 7.65934e-6
14.66 7.89986e-6
14.68 8.10496e-6
14.70 8.27409e-6
14.72 8.40718e-6
14.74 8.50458e-6
14.76 8.56706e-6
14.78 8.59580e-6
14.80 8.59235e-6
14.82 8.55859e-6
14.84 8.49677e-6
14.86 8.40939e-6
14.88 8.29926e-6
14.90 8.16942e-6
14.92 8.02310e-6
14.94 7.86374e-6
14.96 7.69494e-6
14.98 7.52039e-6
15.00 7.34391e-6
15.02 7.16936e-6
15.04 7.00065e-6
15.06 6.84171e-6
15.08 6.69643e-6
15.10 6.56866e-6
15.12 6.46221e-6
15.14 6.38076e-6
15.16 6.32788e-6
15.18 6.30702e-6
15.20 6.32143e-6
15.22 6.37422e-6
15.24 6.46826e-6
15.26 6.60621e-6
15.28 6.79049e-6
15.30 7.02325e-6
15.32 7.30640e-6
15.34 7.64151e-6
15.36 8.02991e-6
15.38 8.47256e-6
15.40 8.97015e-6
15.42 9.52301e-6
15.44 1.01311e-5
15.46 1.07942e-5
15.48 1.15116e-5
15.50 1.22822e-5
15.52 1.31047e-5
15.54 1.39774e-5
15.56 1.48983e-5
15.58 1.58651e-5
15.60 1.68751e-5
15.62 1.79254e-5
15.64 1.90128e-5
15.66 2.01338e-5
15.68 2.12848e-5
15.70 2.24617e-5
15.72 2.36606e-5
15.74 2.48771e-5
15.76 2.61068e-5
15.78 2.73453e-5
15.80 2.85880e-5
15.82 2.98303e-5
15.84 3.10676e-5
15.86 3.22953e-5
15.88 3.35089e-5
15.90 3.47041e-5
15.92 3.58765e-5
15.94 3.70221e-5
15.96 3.81369e-5
15.98 3.92173e-5
16.00 4.02599e-5
16.02 4.12615e-5
16.04 4.22193e-5
16.06 4.31308e-5
16.08 4.39939e-5
16.10 4.48068e-5
16.12 4.55680e-5
16.14 4.62766e-5
16.16 4.69318e-5
16.18 4.75334e-5
16.20 4.80816e-5
16.22 4.85768e-5
16.24 4.90199e-5
16.26 4.94121e-5
16.28 4.97549e-5
16.30 5.00502e-5
16.32 5.03002e-5
16.34 5.05072e-5
16.36 5.06740e-5
16.38 5.08034e-5
16.40 5.08985e-5
16.42 5.09623e-5
16.44 5.09983e-5
16.46 5.10097e-5
16.48 5.09999e-5
16.50 5.09723e-5
16.52 5.09303e-5
16.54 5.08771e-5
16.56 5.08160e-5
16.58 5.07498e-5
16.60 5.06816e-5
16.62 5.06139e-5
16.64 5.05493e-5
16.66 5.04900e-5
16.68 5.04379e-5
16.70 5.03947e-5
16.72 5.03618e-5
16.74 5.03404e-5
16.76 5.03312e-5
16.78 5.03348e-5
16.80 5.03513e-5
16.82 5.03808e-5
16.84 5.04228e-5
16.86 5.04768e-5
16.88 5.05417e-5
16.90 5.06167e-5
16.92 5.07002e-5
16.94 5.07908e-5
16.96 5.08867e-5
16.98 5.09863e-5
17.00 5.10875e-5
17.02 5.11884e-5
17.04 5.12869e-5
17.06 5.13810e-5
17.08 5.14686e-5
17.10 5.15478e-5
17.12 5.16166e-5
17.14 5.16734e-5
17.16 5.17164e-5
17.18 5.17442e-5
17.20 5.17556e-5
17.22 5.17496e-5
17.24 5.17252e-5
17.26 5.16821e-5
17.28 5.16199e-5
17.30 5.15387e-5
17.32 5.14387e-5
17.34 5.13207e-5
17.36 5.11854e-5
17.38 5.10341e-5
17.40 5.08683e-5
17.42 5.06897e-5
17.44 5.05003e-5
17.46 5.03024e-5
17.48 5.00984e-5
17.50 4.98910e-5
17.52 4.96830e-5
17.54 4.94774e-5
17.56 4.92770e-5
17.58 4.90852e-5
17.60 4.89048e-5
17.62 4.87391e-5
17.64 4.85911e-5
17.66 4.84636e-5
17.68 4.83594e-5
17.70 4.82812e-5
17.72 4.82313e-5
17.74 4.82117e-5
17.76 4.82244e-5
17.78 4.82706e-5
17.80 4.83516e-5
17.82 4.84679e-5
17.84 4.86200e-5
17.86 4.88075e-5
17.88 4.90300e-5
17.90 4.92861e-5
17.92 4.95745e-5
17.94 4.98930e-5
17.96 5.02390e-5
17.98 5.06097e-5
18.00 5.10014e-5
18.02 5.14104e-5
18.04 5.18323e-5
18.06 5.22624e-5
18.08 5.26958e-5
18.10 5.31271e-5
18.12 5.35507e-5
18.14 5.39608e-5
18.16 5.43516e-5
18.18 5.47170e-5
18.20 5.50508e-5
18.22 5.53471e-5
18.24 5.55999e-5
18.26 5.58032e-5
18.28 5.59515e-5
18.30 5.60393e-5
18.32 5.60616e-5
18.34 5.60138e-5
18.36 5.58915e-5
18.38 5.56910e-5
18.40 5.54091e-5
18.42 5.50430e-5
18.44 5.45908e-5
18.46 5.40511e-5
18.48 5.34230e-5
18.50 5.27065e-5
18.52 5.19023e-5
18.54 5.10117e-5
18.56 5.00368e-5
18.58 4.89802e-5
18.60 4.78454e-5
18.62 4.66365e-5
18.64 4.53580e-5
18.66 4.40154e-5
18.68 4.26143e-5
18.70 4.11610e-5
18.72 3.96623e-5
18.74 3.81253e-5
18.76 3.65573e-5
18.78 3.49660e-5
18.80 3.33592e-5
18.82 3.17447e-5
18.84 3.01306e-5
18.86 2.85247e-5
18.88 2.69347e-5
18.90 2.53682e-5
18.92 2.38325e-5
18.94 2.23345e-5
18.96 2.08807e-5
18.98 1.94774e-5
19.00 1.81299e-5
19.02 1.68434e-5
19.04 1.56222e-5
19.06 1.44700e-5
19.08 1.33901e-5
19.10 1.23847e-5
19.12 1.14554e-5
19.14 1.06034e-5
19.16 9.82879e-6
19.18 9.13111e-6
19.20 8.50922e-6
19.22 7.96129e-6
19.24 7.48488e-6
19.26 7.07693e-6
19.28 6.73384e-6
19.30 6.45150e-6
19.32 6.22539e-6
19.34 6.05056e-6
19.36 5.92179e-6
19.38 5.83357e-6
19.40 5.78024e-6
19.42 5.75602e-6
19.44 5.75509e-6
19.46 5.77169e-6
19.48 5.80015e-6
19.50 5.83500e-6
19.52 5.87101e-6
19.54 5.90326e-6
19.56 5.92721e-6
19.58 5.93875e-6
19.60 5.93427e-6
19.62 5.91066e-6
19.64 5.86540e-6
19.66 5.79656e-6
19.68 5.70282e-6
19.70 5.58353e-6
19.72 5.43868e-6
19.74 5.26890e-6
19.76 5.07549e-6
19.78 4.86039e-6
19.80 4.62613e-6
19.82 4.37585e-6
19.84 4.11325e-6
19.86 3.84252e-6
19.88 3.56834e-6
19.90 3.29580e-6
19.92 3.03033e-6
19.94 2.77767e-6
19.96 2.54379e-6
19.98 2.33481e-6
20.00 2.15694e-6
20.02 2.01641e-6
20.04 1.91940e-6
20.06 1.87193e-6
20.08 1.87985e-6
20.10 1.94872e-6
20.12 2.08375e-6
20.14 2.28976e-6
20.16 2.57107e-6
20.18 2.93151e-6
20.20 3.37429e-6
20.22 3.90201e-6
20.24 4.51662e-6
20.26 5.21933e-6
20.28 6.01065e-6
20.30 6.89032e-6
20.32 7.85733e-6
20.34 8.90989e-6
20.36 1.00454e-5
20.38 1.12607e-5
20.40 1.25516e-5
20.42 1.39133e-5
20.44 1.53405e-5
20.46 1.68269e-5
20.48 1.83660e-5
20.50 1.99505e-5
20.52 2.15726e-5
20.54 2.32241e-5
20.56 2.48964e-5
20.58 2.65808e-5
20.60 2.82681e-5
20.62 2.99491e-5
20.64 3.16145e-5
20.66 3.32548e-5
20.68 3.48609e-5
20.70 3.64236e-5
20.72 3.79341e-5
20.74 3.93836e-5
20.76 4.07639e-5
20.78 4.20673e-5
20.80 4.32862e-5
20.82 4.44140e-5
20.84 4.54443e-5
20.86 4.63716e-5
20.88 4.71909e-5
20.90 4.78981e-5
20.92 4.84895e-5
20.94 4.89625e-5
20.96 4.93151e-5
20.98 4.95460e-5
21.00 4.96549e-5
21.02 4.96420e-5
21.04 4.95084e-5
21.06 4.92559e-5
21.08 4.88869e-5
21.10 4.84045e-5
21.12 4.78126e-5
21.14 4.71155e-5
21.16 4.63181e-5
21.18 4.54256e-5
21.20 4.44440e-5
21.22 4.33794e-5
21.24 4.22384e-5
21.26 4.10276e-5
21.28 3.97540e-5
21.30 3.84248e-5
21.32 3.70472e-5
21.34 3.56283e-5
21.36 3.41754e-5
21.38 3.26957e-5
21.40 3.11962e-5
21.42 2.96837e-5
21.44 2.81648e-5
21.46 2.66461e-5
21.48 2.51335e-5
21.50 2.36330e-5
21.52 2.21500e-5
21.54 2.06898e-5
21.56 1.92571e-5
21.58 1.78563e-5
21.60 1.64917e-5
21.62 1.51668e-5
21.64 1.38851e-5
21.66 1.26496e-5
21.68 1.14629e-5
21.70 1.03275e-5
21.72 9.24548e-6
21.74 8.21858e-6
21.76 7.24840e-6
21.78 6.33626e-6
21.80 5.48333e-6
21.82 4.69057e-6
21.84 3.95881e-6
21.86 3.28877e-6
21.88 2.68108e-6
21.90 2.13627e-6
21.92 1.65485e-6
21.94 1.23729e-6
21.96 8.84041e-7
21.98 5.95543e-7
22.00 3.72246e-7
22.02 2.14602e-7
22.04 1.23075e-7
22.06 9.81308e-8
22.08 1.40235e-7
22.10 2.49842e-7
22.12 4.27379e-7
22.14 6.73231e-7
22.16 9.87718e-7
22.18 1.37108e-6
22.20 1.82343e-6
22.22 2.34477e-6
22.24 2.93490e-6
22.26 3.59345e-6
22.28 4.31983e-6
22.30 5.11316e-6
22.32 5.97232e-6
22.34 6.89584e-6
22.36 7.88195e-6
22.38 8.92848e-6
22.40 1.00329e-5
22.42 1.11924e-5
22.44 1.24035e-5
22.46 1.36626e-5
22.48 1.49654e-5
22.50 1.63075e-5
22.52 1.76838e-5
22.54 1.90891e-5
22.56 2.05175e-5
22.58 2.19630e-5
22.60 2.34193e-5
22.62 2.48795e-5
22.64 2.63368e-5
22.66 2.77841e-5
22.68 2.92140e-5
22.70 3.06193e-5
22.72 3.19925e-5
22.74 3.33262e-5
22.76 3.46130e-5
22.78 3.58458e-5
22.80 3.70177e-5
22.82 3.81218e-5
22.84 3.91518e-5
22.86 4.01017e-5
22.88 4.09659e-5
22.90 4.17393e-5
22.92 4.24174e-5
22.94 4.29963e-5
22.96 4.34725e-5
22.98 4.38436e-5
23.00 4.41074e-5
23.02 4.42628e-5
23.04 4.43091e-5
23.06 4.42467e-5
23.08 4.40764e-5
23.10 4.37998e-5
23.12 4.34194e-5
23.14 4.29382e-5
23.16 4.23598e-5
23.18 4.16887e-5
23.20 4.09296e-5
23.22 4.00880e-5
23.24 3.91697e-5
23.26 3.81812e-5
23.28 3.71290e-5
23.30 3.60201e-5
23.32 3.48617e-5
23.34 3.36610e-5
23.36 3.24256e-5
23.38 3.11628e-5
23.40 2.98800e-5
23.42 2.85844e-5
23.44 2.72833e-5
23.46 2.59833e-5
23.48 2.46912e-5
23.50 2.34130e-5
23.52 2.21548e-5
23.54 2.09218e-5
23.56 1.97191e-5
23.58 1.85511e-5
23.60 1.74220e-5
23.62 1.63351e-5
23.64 1.52934e-5
23.66 1.42995e-5
23.68 1.33553e-5
23.70 1.24622e-5
23.72 1.16213e-5
23.74 1.08332e-5
23.76 1.00980e-5
23.78 9.41542e-6
23.80 8.78501e-6
23.82 8.20585e-6
23.84 7.67682e-6
23.86 7.19659e-6
23.88 6.76362e-6
23.90 6.37630e-6
23.92 6.03289e-6
23.94 5.73163e-6
23.96 5.47076e-6
23.98 5.24854e-6
24.00 5.06332e-6
24.02 4.91352e-6
24.04 4.79771e-6
24.06 4.71458e-6
24.08 4.66299e-6
24.10 4.64199e-6
24.12 4.65077e-6
24.14 4.68873e-6
24.16 4.75544e-6
24.18 4.85064e-6
24.20 4.97420e-6
24.22 5.12617e-6
24.24 5.30670e-6
24.26 5.51604e-6
24.28 5.75452e-6
24.30 6.02250e-6
24.32 6.32036e-6
24.34 6.64850e-6
24.36 7.00723e-6
24.38 7.39681e-6
24.40 7.81742e-6
24.42 8.26909e-6
24.44 8.75168e-6
24.46 9.26493e-6
24.48 9.80832e-6
24.50 1.03812e-5
24.52 1.09826e-5
24.54 1.16114e-5
24.56 1.22661e-5
24.58 1.29453e-5
24.60 1.36469e-5
24.62 1.43689e-5
24.64 1.51090e-5
24.66 1.58646e-5
24.68 1.66331e-5
24.70 1.74116e-5
24.72 1.81971e-5
24.74 1.89863e-5
24.76 1.97762e-5
24.78 2.05635e-5
24.80 2.13447e-5
24.82 2.21167e-5
24.84 2.28762e-5
24.86 2.36200e-5
24.88 2.43449e-5
24.90 2.50480e-5
24.92 2.57265e-5
24.94 2.63776e-5
24.96 2.69990e-5
24.98 2.75884e-5
25.00 2.81438e-5
25.02 2.86633e-5
25.04 2.91455e-5
25.06 2.95891e-5
25.08 2.99930e-5
25.10 3.03566e-5
25.12 3.06793e-5
25.14 3.09609e-5
25.16 3.12013e-5
25.18 3.14008e-5
25.20 3.15598e-5
25.22 3.16789e-5
25.24 3.17588e-5
25.26 3.18006e-5
25.28 3.18052e-5
25.30 3.17739e-5
25.32 3.17078e-5
25.34 3.16084e-5
25.36 3.14769e-5
25.38 3.13148e-5
25.40 3.11235e-5
25.42 3.09043e-5
25.44 3.06586e-5
25.46 3.03878e-5
25.48 3.00929e-5
25.50 2.97753e-5
25.52 2.94360e-5
25.54 2.90762e-5
25.56 2.86966e-5
25.58 2.82983e-5
25.60 2.78820e-5
25.62 2.74485e-5
25.64 2.69983e-5
25.66 2.65322e-5
25.68 2.60506e-5
25.70 2.55540e-5
25.72 2.50430e-5
25.74 2.45179e-5
25.76 2.39793e-5
25.78 2.34275e-5
25.80 2.28630e-5
25.82 2.22864e-5
25.84 2.16981e-5
25.86 2.10989e-5
25.88 2.04892e-5
25.90 1.98699e-5
25.92 1.92417e-5
25.94 1.86055e-5
25.96 1.79623e-5
25.98 1.73131e-5
26.00 1.66590e-5
26.02 1.60012e-5
26.04 1.53411e-5
26.06 1.46799e-5
26.08 1.40191e-5
26.10 1.33601e-5
26.12 1.27044e-5
26.14 1.20536e-5
26.16 1.14092e-5
26.18 1.07729e-5
26.20 1.01460e-5
26.22 9.53029e-6
26.24 8.92712e-6
26.26 8.33797e-6
26.28 7.76423e-6
26.30 7.20720e-6
26.32 6.66812e-6
26.34 6.14809e-6
26.36 5.64814e-6
26.38 5.16917e-6
26.40 4.71195e-6
26.42 4.27713e-6
26.44 3.86523e-6
26.46 3.47664e-6
26.48 3.11162e-6
26.50 2.77027e-6
26.52 2.45262e-6
26.54 2.15851e-6
26.56 1.88773e-6
26.58 1.63992e-6
26.60 1.41463e-6
26.62 1.21133e-6
26.64 1.02942e-6
26.66 8.68214e-7
26.68 7.26986e-7
26.70 6.04967e-7
26.72 5.01359e-7
26.74 4.15347e-7
26.76 3.46112e-7
26.78 2.92838e-7
26.80 2.54727e-7
26.82 2.31005e-7
26.84 2.20932e-7
26.86 2.23804e-7
26.88 2.38963e-7
26.90 2.65798e-7
26.92 3.03749e-7
26.94 3.52305e-7
26.96 4.11003e-7
26.98 4.79429e-7
27.00 5.57210e-7
27.02 6.44011e-7
27.04 7.39526e-7
27.06 8.43473e-7
27.08 9.55586e-7
27.10 1.07560e-6
27.12 1.20326e-6
27.14 1.33827e-6
27.16 1.48033e-6
27.18 1.62910e-6
27.20 1.78422e-6
27.22 1.94523e-6
27.24 2.11165e-6
27.26 2.28292e-6
27.28 2.45842e-6
27.30 2.63743e-6
27.32 2.81918e-6
27.34 3.00282e-6
27.36 3.18740e-6
27.38 3.37192e-6
27.40 3.55529e-6
27.42 3.73639e-6
27.44 3.91402e-6
27.46 4.08693e-6
27.48 4.25386e-6
27.50 4.41353e-6
27.52 4.56464e-6
27.54 4.70590e-6
27.56 4.83606e-6
27.58 4.95390e-6
27.60 5.05827e-6
27.62 5.14809e-6
27.64 5.22236e-6
27.66 5.28020e-6
27.68 5.32085e-6
27.70 5.34368e-6
27.72 5.34821e-6
27.74 5.33411e-6
27.76 5.30123e-6
27.78 5.24957e-6
27.80 5.17932e-6
27.82 5.09084e-6
27.84 4.98468e-6
27.86 4.86155e-6
27.88 4.72233e-6
27.90 4.56807e-6
27.92 4.39996e-6
27.94 4.21933e-6
27.96 4.02766e-6
27.98 3.82649e-6
28.00 3.61751e-6
28.02 3.40244e-6
28.04 3.18308e-6
28.06 2.96127e-6
28.08 2.73884e-6
28.10 2.51763e-6
28.12 2.29948e-6
28.14 2.08615e-6
28.16 1.87936e-6
28.18 1.68075e-6
28.20 1.49187e-6
28.22 1.31416e-6
28.24 1.14896e-6
28.26 9.97452e-7
28.28 8.60720e-7
28.30 7.39692e-7
28.32 6.35161e-7
28.34 5.47781e-7
28.36 4.78073e-7
28.38 4.26422e-7
28.40 3.93093e-7
28.42 3.78233e-7
28.44 3.81886e-7
28.46 4.04004e-7
28.48 4.44458e-7
28.50 5.03056e-7
28.52 5.79558e-7
28.54 6.73686e-7
28.56 7.85145e-7
28.58 9.13635e-7
28.60 1.05887e-6
28.62 1.22057e-6
28.64 1.39851e-6
28.66 1.59250e-6
28.68 1.80239e-6
28.70 2.02812e-6
28.72 2.26966e-6
28.74 2.52706e-6
28.76 2.80043e-6
28.78 3.08994e-6
28.80 3.39581e-6
28.82 3.71832e-6
28.84 4.05778e-6
28.86 4.41451e-6
28.88 4.78885e-6
28.90 5.18116e-6
28.92 5.59173e-6
28.94 6.02084e-6
28.96 6.46871e-6
28.98 6.93548e-6
29.00 7.42117e-6
29.02 7.92572e-6
29.04 8.44891e-6
29.06 8.99037e-6
29.08 9.54957e-6
29.10 1.01258e-5
29.12 1.07182e-5
29.14 1.13255e-5
29.16 1.19466e-5
29.18 1.25799e-5
29.20 1.32235e-5
29.22 1.38757e-5
29.24 1.45342e-5
29.26 1.51966e-5
29.28 1.58604e-5
29.30 1.65230e-5
29.32 1.71813e-5
29.34 1.78325e-5
29.36 1.84734e-5
29.38 1.91007e-5
29.40 1.97112e-5
29.42 2.03017e-5
29.44 2.08687e-5
29.46 2.14090e-5
29.48 2.19194e-5
29.50 2.23967e-5
29.52 2.28379e-5
29.54 2.32402e-5
29.56 2.36007e-5
29.58 2.39172e-5
29.60 2.41872e-5
29.62 2.44089e-5
29.64 2.45804e-5
29.66 2.47003e-5
29.68 2.47676e-5
29.70 2.47814e-5
29.72 2.47412e-5
29.74 2.46471e-5
29.76 2.44991e-5
29.78 2.42979e-5
29.80 2.40444e-5
29.82 2.37398e-5
29.84 2.33858e-5
29.86 2.29841e-5
29.88 2.25370e-5
29.90 2.20469e-5
29.92 2.15166e-5
29.94 2.09489e-5
29.96 2.03471e-5
29.98 1.97143e-5
30.00 1.90542e-5
