re im
-0.586397 1.224817
-0.586397 -1.224817
-0.586397 3.674450
-0.586397 -3.674450
-0.586397 6.124083
-0.586397 -6.124083
-0.586397 8.573716
-0.586397 -8.573716
-0.586397 11.023350
-0.586397 -11.023350
-0.586397 13.472983
-0.586397 -13.472983
-0.586397 15.922616
-0.586397 -15.922616
-0.586397 18.372250
-0.586397 -18.372250
-0.586397 20.821883
-0.586397 -20.821883
-0.660664 1.108844
-0.660664 -1.108844
-0.660664 3.326533
-0.660664 -3.326533
-0.660664 5.544222
-0.660664 -5.544222
-0.660664 7.761911
-0.660664 -7.761911
-0.660664 9.979599
-0.660664 -9.979599
-0.660664 12.197288
-0.660664 -12.197288
-0.660664 14.414977
-0.660664 -14.414977
-0.660664 16.632665
-0.660664 -16.632665
-0.660664 18.850354
-0.660664 -18.850354
-0.660664 21.068043
-0.660664 -21.068043
-0.750076 0.932972
-0.750076 -0.932972
-0.750076 2.798916
-0.750076 -2.798916
-0.750076 4.664860
-0.750076 -4.664860
-0.750076 6.530804
-0.750076 -6.530804
-0.750076 8.396748
-0.750076 -8.396748
-0.750076 10.262692
-0.750076 -10.262692
-0.750076 12.128636
-0.750076 -12.128636
-0.750076 13.994580
-0.750076 -13.994580
-0.750076 15.860524
-0.750076 -15.860524
-0.750076 17.726468
-0.750076 -17.726468
-0.750076 19.592412
-0.750076 -19.592412
-0.750076 21.458356
-0.750076 -21.458356
-0.776357 0.870026
-0.776357 -0.870026
-0.776357 2.610078
-0.776357 -2.610078
-0.776357 4.350130
-0.776357 -4.350130
-0.776357 6.090182
-0.776357 -6.090182
-0.776357 7.830234
-0.776357 -7.830234
-0.776357 9.570287
-0.776357 -9.570287
-0.776357 11.310339
-0.776357 -11.310339
-0.776357 13.050391
-0.776357 -13.050391
-0.776357 14.790443
-0.776357 -14.790443
-0.776357 16.530495
-0.776357 -16.530495
-0.776357 18.270547
-0.776357 -18.270547
-0.776357 20.010599
-0.776357 -20.010599
-0.776357 21.750651
-0.776357 -21.750651
-0.785705 0.845976
-0.785705 -0.845976
-0.785705 2.537928
-0.785705 -2.537928
-0.785705 4.229880
-0.785705 -4.229880
-0.785705 5.921832
-0.785705 -5.921832
-0.785705 7.613784
-0.785705 -7.613784
-0.785705 9.305735
-0.785705 -9.305735
-0.785705 10.997687
-0.785705 -10.997687
-0.785705 12.689639
-0.785705 -12.689639
-0.785705 14.381591
-0.785705 -14.381591
-0.785705 16.073543
-0.785705 -16.073543
-0.785705 17.765495
-0.785705 -17.765495
-0.785705 19.457447
-0.785705 -19.457447
-0.785705 21.149399
-0.785705 -21.149399
-0.805652 0.791275
-0.805652 -0.791275
-0.805652 2.373825
-0.805652 -2.373825
-0.805652 3.956375
-0.805652 -3.956375
-0.805652 5.538925
-0.805652 -5.538925
-0.805652 7.121475
-0.805652 -7.121475
-0.805652 8.704025
-0.805652 -8.704025
-0.805652 10.286575
-0.805652 -10.286575
-0.805652 11.869125
-0.805652 -11.869125
-0.805652 13.451675
-0.805652 -13.451675
-0.805652 15.034225
-0.805652 -15.034225
-0.805652 16.616775
-0.805652 -16.616775
-0.805652 18.199325
-0.805652 -18.199325
-0.805652 19.781874
-0.805652 -19.781874
-0.805652 21.364424
-0.805652 -21.364424
-0.814889 0.764215
-0.814889 -0.764215
-0.814889 2.292646
-0.814889 -2.292646
-0.814889 3.821076
-0.814889 -3.821076
-0.814889 5.349507
-0.814889 -5.349507
-0.814889 6.877938
-0.814889 -6.877938
-0.814889 8.406368
-0.814889 -8.406368
-0.814889 9.934799
-0.814889 -9.934799
-0.814889 11.463229
-0.814889 -11.463229
-0.814889 12.991660
-0.814889 -12.991660
-0.814889 14.520090
-0.814889 -14.520090
-0.814889 16.048521
-0.814889 -16.048521
-0.814889 17.576952
-0.814889 -17.576952
-0.814889 19.105382
-0.814889 -19.105382
-0.814889 20.633813
-0.814889 -20.633813
-0.825310 0.732228
-0.825310 -0.732228
-0.825310 2.196683
-0.825310 -2.196683
-0.825310 3.661138
-0.825310 -3.661138
-0.825310 5.125593
-0.825310 -5.125593
-0.825310 6.590048
-0.825310 -6.590048
-0.825310 8.054503
-0.825310 -8.054503
-0.825310 9.518958
-0.825310 -9.518958
-0.825310 10.983413
-0.825310 -10.983413
-0.825310 12.447869
-0.825310 -12.447869
-0.825310 13.912324
-0.825310 -13.912324
-0.825310 15.376779
-0.825310 -15.376779
-0.825310 16.841234
-0.825310 -16.841234
-0.825310 18.305689
-0.825310 -18.305689
-0.825310 19.770144
-0.825310 -19.770144
-0.825310 21.234599
-0.825310 -21.234599
-0.835333 0.699899
-0.835333 -0.699899
-0.835333 2.099697
-0.835333 -2.099697
-0.835333 3.499496
-0.835333 -3.499496
-0.835333 4.899294
-0.835333 -4.899294
-0.835333 6.299092
-0.835333 -6.299092
-0.835333 7.698890
-0.835333 -7.698890
-0.835333 9.098689
-0.835333 -9.098689
-0.835333 10.498487
-0.835333 -10.498487
-0.835333 11.898285
-0.835333 -11.898285
-0.835333 13.298083
-0.835333 -13.298083
-0.835333 14.697882
-0.835333 -14.697882
-0.835333 16.097680
-0.835333 -16.097680
-0.835333 17.497478
-0.835333 -17.497478
-0.835333 18.897276
-0.835333 -18.897276
-0.835333 20.297075
-0.835333 -20.297075
-0.835333 21.696873
-0.835333 -21.696873
-0.839278 0.686730
-0.839278 -0.686730
-0.839278 2.060191
-0.839278 -2.060191
-0.839278 3.433652
-0.839278 -3.433652
-0.839278 4.807112
-0.839278 -4.807112
-0.839278 6.180573
-0.839278 -6.180573
-0.839278 7.554033
-0.839278 -7.554033
-0.839278 8.927494
-0.839278 -8.927494
-0.839278 10.300955
-0.839278 -10.300955
-0.839278 11.674415
-0.839278 -11.674415
-0.839278 13.047876
-0.839278 -13.047876
-0.839278 14.421336
-0.839278 -14.421336
-0.839278 15.794797
-0.839278 -15.794797
-0.839278 17.168258
-0.839278 -17.168258
-0.839278 18.541718
-0.839278 -18.541718
-0.839278 19.915179
-0.839278 -19.915179
-0.839278 21.288639
-0.839278 -21.288639
-0.841054 0.680717
-0.841054 -0.680717
-0.841054 2.042152
-0.841054 -2.042152
-0.841054 3.403587
-0.841054 -3.403587
-0.841054 4.765022
-0.841054 -4.765022
-0.841054 6.126456
-0.841054 -6.126456
-0.841054 7.487891
-0.841054 -7.487891
-0.841054 8.849326
-0.841054 -8.849326
-0.841054 10.210760
-0.841054 -10.210760
-0.841054 11.572195
-0.841054 -11.572195
-0.841054 12.933630
-0.841054 -12.933630
-0.841054 14.295065
-0.841054 -14.295065
-0.841054 15.656499
-0.841054 -15.656499
-0.841054 17.017934
-0.841054 -17.017934
-0.841054 18.379369
-0.841054 -18.379369
-0.841054 19.740803
-0.841054 -19.740803
-0.841054 21.102238
-0.841054 -21.102238
-0.844280 0.669657
-0.844280 -0.669657
-0.844280 2.008970
-0.844280 -2.008970
-0.844280 3.348284
-0.844280 -3.348284
-0.844280 4.687597
-0.844280 -4.687597
-0.844280 6.026911
-0.844280 -6.026911
-0.844280 7.366224
-0.844280 -7.366224
-0.844280 8.705537
-0.844280 -8.705537
-0.844280 10.044851
-0.844280 -10.044851
-0.844280 11.384164
-0.844280 -11.384164
-0.844280 12.723478
-0.844280 -12.723478
-0.844280 14.062791
-0.844280 -14.062791
-0.844280 15.402105
-0.844280 -15.402105
-0.844280 16.741418
-0.844280 -16.741418
-0.844280 18.080732
-0.844280 -18.080732
-0.844280 19.420045
-0.844280 -19.420045
-0.844280 20.759358
-0.844280 -20.759358
-0.845753 0.664551
-0.845753 -0.664551
-0.845753 1.993654
-0.845753 -1.993654
-0.845753 3.322757
-0.845753 -3.322757
-0.845753 4.651860
-0.845753 -4.651860
-0.845753 5.980963
-0.845753 -5.980963
-0.845753 7.310066
-0.845753 -7.310066
-0.845753 8.639169
-0.845753 -8.639169
-0.845753 9.968272
-0.845753 -9.968272
-0.845753 11.297375
-0.845753 -11.297375
-0.845753 12.626478
-0.845753 -12.626478
-0.845753 13.955581
-0.845753 -13.955581
-0.845753 15.284684
-0.845753 -15.284684
-0.845753 16.613787
-0.845753 -16.613787
-0.845753 17.942890
-0.845753 -17.942890
-0.845753 19.271993
-0.845753 -19.271993
-0.845753 20.601096
-0.845753 -20.601096
-0.845753 21.930199
-0.845753 -21.930199
-0.853093 0.638538
-0.853093 -0.638538
-0.853093 1.915613
-0.853093 -1.915613
-0.853093 3.192688
-0.853093 -3.192688
-0.853093 4.469763
-0.853093 -4.469763
-0.853093 5.746838
-0.853093 -5.746838
-0.853093 7.023913
-0.853093 -7.023913
-0.853093 8.300988
-0.853093 -8.300988
-0.853093 9.578064
-0.853093 -9.578064
-0.853093 10.855139
-0.853093 -10.855139
-0.853093 12.132214
-0.853093 -12.132214
-0.853093 13.409289
-0.853093 -13.409289
-0.853093 14.686364
-0.853093 -14.686364
-0.853093 15.963439
-0.853093 -15.963439
-0.853093 17.240514
-0.853093 -17.240514
-0.853093 18.517589
-0.853093 -18.517589
-0.853093 19.794665
-0.853093 -19.794665
-0.853093 21.071740
-0.853093 -21.071740
-0.856042 0.627823
-0.856042 -0.627823
-0.856042 1.883469
-0.856042 -1.883469
-0.856042 3.139115
-0.856042 -3.139115
-0.856042 4.394761
-0.856042 -4.394761
-0.856042 5.650407
-0.856042 -5.650407
-0.856042 6.906053
-0.856042 -6.906053
-0.856042 8.161699
-0.856042 -8.161699
-0.856042 9.417345
-0.856042 -9.417345
-0.856042 10.672991
-0.856042 -10.672991
-0.856042 11.928637
-0.856042 -11.928637
-0.856042 13.184283
-0.856042 -13.184283
-0.856042 14.439929
-0.856042 -14.439929
-0.856042 15.695575
-0.856042 -15.695575
-0.856042 16.951221
-0.856042 -16.951221
-0.856042 18.206867
-0.856042 -18.206867
-0.856042 19.462513
-0.856042 -19.462513
-0.856042 20.718159
-0.856042 -20.718159
-0.856042 21.973806
-0.856042 -21.973806
-0.857809 0.621329
-0.857809 -0.621329
-0.857809 1.863987
-0.857809 -1.863987
-0.857809 3.106645
-0.857809 -3.106645
-0.857809 4.349304
-0.857809 -4.349304
-0.857809 5.591962
-0.857809 -5.591962
-0.857809 6.834620
-0.857809 -6.834620
-0.857809 8.077278
-0.857809 -8.077278
-0.857809 9.319936
-0.857809 -9.319936
-0.857809 10.562595
-0.857809 -10.562595
-0.857809 11.805253
-0.857809 -11.805253
-0.857809 13.047911
-0.857809 -13.047911
-0.857809 14.290569
-0.857809 -14.290569
-0.857809 15.533227
-0.857809 -15.533227
-0.857809 16.775886
-0.857809 -16.775886
-0.857809 18.018544
-0.857809 -18.018544
-0.857809 19.261202
-0.857809 -19.261202
-0.857809 20.503860
-0.857809 -20.503860
-0.857809 21.746518
-0.857809 -21.746518
-0.860955 0.609628
-0.860955 -0.609628
-0.860955 1.828885
-0.860955 -1.828885
-0.860955 3.048142
-0.860955 -3.048142
-0.860955 4.267398
-0.860955 -4.267398
-0.860955 5.486655
-0.860955 -5.486655
-0.860955 6.705912
-0.860955 -6.705912
-0.860955 7.925169
-0.860955 -7.925169
-0.860955 9.144425
-0.860955 -9.144425
-0.860955 10.363682
-0.860955 -10.363682
-0.860955 11.582939
-0.860955 -11.582939
-0.860955 12.802195
-0.860955 -12.802195
-0.860955 14.021452
-0.860955 -14.021452
-0.860955 15.240709
-0.860955 -15.240709
-0.860955 16.459965
-0.860955 -16.459965
-0.860955 17.679222
-0.860955 -17.679222
-0.860955 18.898479
-0.860955 -18.898479
-0.860955 20.117736
-0.860955 -20.117736
-0.860955 21.336992
-0.860955 -21.336992
-0.862365 0.604327
-0.862365 -0.604327
-0.862365 1.812981
-0.862365 -1.812981
-0.862365 3.021636
-0.862365 -3.021636
-0.862365 4.230290
-0.862365 -4.230290
-0.862365 5.438944
-0.862365 -5.438944
-0.862365 6.647598
-0.862365 -6.647598
-0.862365 7.856252
-0.862365 -7.856252
-0.862365 9.064907
-0.862365 -9.064907
-0.862365 10.273561
-0.862365 -10.273561
-0.862365 11.482215
-0.862365 -11.482215
-0.862365 12.690869
-0.862365 -12.690869
-0.862365 13.899523
-0.862365 -13.899523
-0.862365 15.108178
-0.862365 -15.108178
-0.862365 16.316832
-0.862365 -16.316832
-0.862365 17.525486
-0.862365 -17.525486
-0.862365 18.734140
-0.862365 -18.734140
-0.862365 19.942794
-0.862365 -19.942794
-0.862365 21.151449
-0.862365 -21.151449
-0.864311 0.596956
-0.864311 -0.596956
-0.864311 1.790867
-0.864311 -1.790867
-0.864311 2.984778
-0.864311 -2.984778
-0.864311 4.178690
-0.864311 -4.178690
-0.864311 5.372601
-0.864311 -5.372601
-0.864311 6.566512
-0.864311 -6.566512
-0.864311 7.760423
-0.864311 -7.760423
-0.864311 8.954335
-0.864311 -8.954335
-0.864311 10.148246
-0.864311 -10.148246
-0.864311 11.342157
-0.864311 -11.342157
-0.864311 12.536069
-0.864311 -12.536069
-0.864311 13.729980
-0.864311 -13.729980
-0.864311 14.923891
-0.864311 -14.923891
-0.864311 16.117803
-0.864311 -16.117803
-0.864311 17.311714
-0.864311 -17.311714
-0.864311 18.505625
-0.864311 -18.505625
-0.864311 19.699537
-0.864311 -19.699537
-0.864311 20.893448
-0.864311 -20.893448
-0.864919 0.594638
-0.864919 -0.594638
-0.864919 1.783913
-0.864919 -1.783913
-0.864919 2.973189
-0.864919 -2.973189
-0.864919 4.162465
-0.864919 -4.162465
-0.864919 5.351740
-0.864919 -5.351740
-0.864919 6.541016
-0.864919 -6.541016
-0.864919 7.730291
-0.864919 -7.730291
-0.864919 8.919567
-0.864919 -8.919567
-0.864919 10.108843
-0.864919 -10.108843
-0.864919 11.298118
-0.864919 -11.298118
-0.864919 12.487394
-0.864919 -12.487394
-0.864919 13.676669
-0.864919 -13.676669
-0.864919 14.865945
-0.864919 -14.865945
-0.864919 16.055221
-0.864919 -16.055221
-0.864919 17.244496
-0.864919 -17.244496
-0.864919 18.433772
-0.864919 -18.433772
-0.864919 19.623047
-0.864919 -19.623047
-0.864919 20.812323
-0.864919 -20.812323
