kind re im order
pole 1.000000 0.000000 1
pole 0.000000 0.000000 2
pole -0.666667 0.000000 1
pole -0.800000 0.000000 3
pole -0.857143 0.000000 9
pole -0.888889 0.000000 28
zeroD -0.500000 0.000000 2
zeroD -0.750000 0.000000 1
zeta2 -0.750000 7.067363 2
zeta2 -0.750000 -7.067363 2
zeta4 -0.875000 3.533681 1
zeta4 -0.875000 -3.533681 1
zeta2 -0.750000 10.511020 2
zeta2 -0.750000 -10.511020 2
zeta4 -0.875000 5.255510 1
zeta4 -0.875000 -5.255510 1
zeta2 -0.750000 12.505429 2
zeta2 -0.750000 -12.505429 2
zeta4 -0.875000 6.252714 1
zeta4 -0.875000 -6.252714 1
zeta2 -0.750000 15.212438 2
zeta2 -0.750000 -15.212438 2
zeta4 -0.875000 7.606219 1
zeta4 -0.875000 -7.606219 1
zeta2 -0.750000 16.467531 2
zeta2 -0.750000 -16.467531 2
zeta4 -0.875000 8.233765 1
zeta4 -0.875000 -8.233765 1
zeta2 -0.750000 18.793089 2
zeta2 -0.750000 -18.793089 2
zeta4 -0.875000 9.396545 1
zeta4 -0.875000 -9.396545 1
zeta2 -0.750000 20.459360 2
zeta2 -0.750000 -20.459360 2
zeta4 -0.875000 10.229680 1
zeta4 -0.875000 -10.229680 1
zeta2 -0.750000 21.663537 2
zeta2 -0.750000 -21.663537 2
zeta4 -0.875000 10.831768 1
zeta4 -0.875000 -10.831768 1
zeta4 -0.875000 12.001288 1
zeta4 -0.875000 -12.001288 1
zeta4 -0.875000 12.443458 1
zeta4 -0.875000 -12.443458 1
zeta4 -0.875000 13.242580 1
zeta4 -0.875000 -13.242580 1
zeta4 -0.875000 14.111562 1
zeta4 -0.875000 -14.111562 1
zeta4 -0.875000 14.836761 1
zeta4 -0.875000 -14.836761 1
zeta4 -0.875000 15.207945 1
zeta4 -0.875000 -15.207945 1
zeta4 -0.875000 16.278136 1
zeta4 -0.875000 -16.278136 1
zeta4 -0.875000 16.769953 1
zeta4 -0.875000 -16.769953 1
zeta4 -0.875000 17.386600 1
zeta4 -0.875000 -17.386600 1
zeta4 -0.875000 18.016789 1
zeta4 -0.875000 -18.016789 1
zeta4 -0.875000 18.926173 1
zeta4 -0.875000 -18.926173 1
zeta4 -0.875000 19.286210 1
zeta4 -0.875000 -19.286210 1
zeta4 -0.875000 19.834344 1
zeta4 -0.875000 -19.834344 1
zeta4 -0.875000 20.727595 1
zeta4 -0.875000 -20.727595 1
zeta4 -0.875000 21.183873 1
zeta4 -0.875000 -21.183873 1
zeta4 -0.875000 21.856319 1
zeta4 -0.875000 -21.856319 1
L2 -0.750000 3.010474 1
L2 -0.750000 -3.010474 1
L4 -0.875000 1.505237 2
L4 -0.875000 -1.505237 2
L2 -0.750000 5.121885 1
L2 -0.750000 -5.121885 1
L4 -0.875000 2.560943 2
L4 -0.875000 -2.560943 2
L2 -0.750000 6.494049 1
L2 -0.750000 -6.494049 1
L4 -0.875000 3.247025 2
L4 -0.875000 -3.247025 2
L2 -0.750000 8.171304 1
L2 -0.750000 -8.171304 1
L4 -0.875000 4.085652 2
L4 -0.875000 -4.085652 2
L2 -0.750000 9.145997 1
L2 -0.750000 -9.145997 1
L4 -0.875000 4.572998 2
L4 -0.875000 -4.572998 2
L2 -0.750000 10.725306 1
L2 -0.750000 -10.725306 1
L4 -0.875000 5.362653 2
L4 -0.875000 -5.362653 2
L2 -0.750000 11.639188 1
L2 -0.750000 -11.639188 1
L4 -0.875000 5.819594 2
L4 -0.875000 -5.819594 2
L2 -0.750000 12.864378 1
L2 -0.750000 -12.864378 1
L4 -0.875000 6.432189 2
L4 -0.875000 -6.432189 2
L2 -0.750000 14.179817 1
L2 -0.750000 -14.179817 1
L4 -0.875000 7.089909 2
L4 -0.875000 -7.089909 2
L2 -0.750000 14.828192 1
L2 -0.750000 -14.828192 1
L4 -0.875000 7.414096 2
L4 -0.875000 -7.414096 2
L2 -0.750000 16.296093 1
L2 -0.750000 -16.296093 1
L4 -0.875000 8.148047 2
L4 -0.875000 -8.148047 2
L2 -0.750000 17.099979 1
L2 -0.750000 -17.099979 1
L4 -0.875000 8.549989 2
L4 -0.875000 -8.549989 2
L2 -0.750000 18.071440 1
L2 -0.750000 -18.071440 1
L4 -0.875000 9.035720 2
L4 -0.875000 -9.035720 2
L2 -0.750000 19.255962 1
L2 -0.750000 -19.255962 1
L4 -0.875000 9.627981 2
L4 -0.875000 -9.627981 2
L2 -0.750000 20.161337 1
L2 -0.750000 -20.161337 1
L4 -0.875000 10.080669 2
L4 -0.875000 -10.080669 2
L2 -0.750000 20.903542 1
L2 -0.750000 -20.903542 1
L4 -0.875000 10.451771 2
L4 -0.875000 -10.451771 2
L4 -0.875000 11.154473 2
L4 -0.875000 -11.154473 2
L4 -0.875000 11.399896 2
L4 -0.875000 -11.399896 2
L4 -0.875000 11.935391 2
L4 -0.875000 -11.935391 2
L4 -0.875000 12.430782 2
L4 -0.875000 -12.430782 2
L4 -0.875000 12.921523 2
L4 -0.875000 -12.921523 2
L4 -0.875000 13.192205 2
L4 -0.875000 -13.192205 2
L4 -0.875000 13.816886 2
L4 -0.875000 -13.816886 2
L4 -0.875000 14.233594 2
L4 -0.875000 -14.233594 2
L4 -0.875000 14.529177 2
L4 -0.875000 -14.529177 2
Fp -0.586397 1.224817 1
Fp -0.586397 -1.224817 1
Fp -0.586397 3.674450 1
Fp -0.586397 -3.674450 1
Fp -0.586397 6.124083 1
Fp -0.586397 -6.124083 1
Fp -0.586397 8.573716 1
Fp -0.586397 -8.573716 1
Fp -0.586397 11.023350 1
Fp -0.586397 -11.023350 1
Fp -0.586397 13.472983 1
Fp -0.586397 -13.472983 1
Fp -0.586397 15.922616 1
Fp -0.586397 -15.922616 1
Fp -0.586397 18.372250 1
Fp -0.586397 -18.372250 1
Fp -0.586397 20.821883 1
Fp -0.586397 -20.821883 1
Fp -0.660664 1.108844 1
Fp -0.660664 -1.108844 1
Fp -0.660664 3.326533 1
Fp -0.660664 -3.326533 1
Fp -0.660664 5.544222 1
Fp -0.660664 -5.544222 1
Fp -0.660664 7.761911 1
Fp -0.660664 -7.761911 1
Fp -0.660664 9.979599 1
Fp -0.660664 -9.979599 1
Fp -0.660664 12.197288 1
Fp -0.660664 -12.197288 1
Fp -0.660664 14.414977 1
Fp -0.660664 -14.414977 1
Fp -0.660664 16.632665 1
Fp -0.660664 -16.632665 1
Fp -0.660664 18.850354 1
Fp -0.660664 -18.850354 1
Fp -0.660664 21.068043 1
Fp -0.660664 -21.068043 1
Fp -0.750076 0.932972 1
Fp -0.750076 -0.932972 1
Fp -0.750076 2.798916 1
Fp -0.750076 -2.798916 1
Fp -0.750076 4.664860 1
Fp -0.750076 -4.664860 1
Fp -0.750076 6.530804 1
Fp -0.750076 -6.530804 1
Fp -0.750076 8.396748 1
Fp -0.750076 -8.396748 1
Fp -0.750076 10.262692 1
Fp -0.750076 -10.262692 1
Fp -0.750076 12.128636 1
Fp -0.750076 -12.128636 1
Fp -0.750076 13.994580 1
Fp -0.750076 -13.994580 1
Fp -0.750076 15.860524 1
Fp -0.750076 -15.860524 1
Fp -0.750076 17.726468 1
Fp -0.750076 -17.726468 1
Fp -0.750076 19.592412 1
Fp -0.750076 -19.592412 1
Fp -0.750076 21.458356 1
Fp -0.750076 -21.458356 1
Fp -0.776357 0.870026 1
Fp -0.776357 -0.870026 1
Fp -0.776357 2.610078 1
Fp -0.776357 -2.610078 1
Fp -0.776357 4.350130 1
Fp -0.776357 -4.350130 1
Fp -0.776357 6.090182 1
Fp -0.776357 -6.090182 1
Fp -0.776357 7.830234 1
Fp -0.776357 -7.830234 1
Fp -0.776357 9.570287 1
Fp -0.776357 -9.570287 1
Fp -0.776357 11.310339 1
Fp -0.776357 -11.310339 1
Fp -0.776357 13.050391 1
Fp -0.776357 -13.050391 1
Fp -0.776357 14.790443 1
Fp -0.776357 -14.790443 1
Fp -0.776357 16.530495 1
Fp -0.776357 -16.530495 1
Fp -0.776357 18.270547 1
Fp -0.776357 -18.270547 1
Fp -0.776357 20.010599 1
Fp -0.776357 -20.010599 1
Fp -0.776357 21.750651 1
Fp -0.776357 -21.750651 1
Fp -0.785705 0.845976 1
Fp -0.785705 -0.845976 1
Fp -0.785705 2.537928 1
Fp -0.785705 -2.537928 1
Fp -0.785705 4.229880 1
Fp -0.785705 -4.229880 1
Fp -0.785705 5.921832 1
Fp -0.785705 -5.921832 1
Fp -0.785705 7.613784 1
Fp -0.785705 -7.613784 1
Fp -0.785705 9.305735 1
Fp -0.785705 -9.305735 1
Fp -0.785705 10.997687 1
Fp -0.785705 -10.997687 1
Fp -0.785705 12.689639 1
Fp -0.785705 -12.689639 1
Fp -0.785705 14.381591 1
Fp -0.785705 -14.381591 1
Fp -0.785705 16.073543 1
Fp -0.785705 -16.073543 1
Fp -0.785705 17.765495 1
Fp -0.785705 -17.765495 1
Fp -0.785705 19.457447 1
Fp -0.785705 -19.457447 1
Fp -0.785705 21.149399 1
Fp -0.785705 -21.149399 1
Fp -0.805652 0.791275 1
Fp -0.805652 -0.791275 1
Fp -0.805652 2.373825 1
Fp -0.805652 -2.373825 1
Fp -0.805652 3.956375 1
Fp -0.805652 -3.956375 1
Fp -0.805652 5.538925 1
Fp -0.805652 -5.538925 1
Fp -0.805652 7.121475 1
Fp -0.805652 -7.121475 1
Fp -0.805652 8.704025 1
Fp -0.805652 -8.704025 1
Fp -0.805652 10.286575 1
Fp -0.805652 -10.286575 1
Fp -0.805652 11.869125 1
Fp -0.805652 -11.869125 1
Fp -0.805652 13.451675 1
Fp -0.805652 -13.451675 1
Fp -0.805652 15.034225 1
Fp -0.805652 -15.034225 1
Fp -0.805652 16.616775 1
Fp -0.805652 -16.616775 1
Fp -0.805652 18.199325 1
Fp -0.805652 -18.199325 1
Fp -0.805652 19.781874 1
Fp -0.805652 -19.781874 1
Fp -0.805652 21.364424 1
Fp -0.805652 -21.364424 1
Fp -0.814889 0.764215 1
Fp -0.814889 -0.764215 1
Fp -0.814889 2.292646 1
Fp -0.814889 -2.292646 1
Fp -0.814889 3.821076 1
Fp -0.814889 -3.821076 1
Fp -0.814889 5.349507 1
Fp -0.814889 -5.349507 1
Fp -0.814889 6.877938 1
Fp -0.814889 -6.877938 1
Fp -0.814889 8.406368 1
Fp -0.814889 -8.406368 1
Fp -0.814889 9.934799 1
Fp -0.814889 -9.934799 1
Fp -0.814889 11.463229 1
Fp -0.814889 -11.463229 1
Fp -0.814889 12.991660 1
Fp -0.814889 -12.991660 1
Fp -0.814889 14.520090 1
Fp -0.814889 -14.520090 1
Fp -0.814889 16.048521 1
Fp -0.814889 -16.048521 1
Fp -0.814889 17.576952 1
Fp -0.814889 -17.576952 1
Fp -0.814889 19.105382 1
Fp -0.814889 -19.105382 1
Fp -0.814889 20.633813 1
Fp -0.814889 -20.633813 1
Fp -0.825310 0.732228 1
Fp -0.825310 -0.732228 1
Fp -0.825310 2.196683 1
Fp -0.825310 -2.196683 1
Fp -0.825310 3.661138 1
Fp -0.825310 -3.661138 1
Fp -0.825310 5.125593 1
Fp -0.825310 -5.125593 1
Fp -0.825310 6.590048 1
Fp -0.825310 -6.590048 1
Fp -0.825310 8.054503 1
Fp -0.825310 -8.054503 1
Fp -0.825310 9.518958 1
Fp -0.825310 -9.518958 1
Fp -0.825310 10.983413 1
Fp -0.825310 -10.983413 1
Fp -0.825310 12.447869 1
Fp -0.825310 -12.447869 1
Fp -0.825310 13.912324 1
Fp -0.825310 -13.912324 1
Fp -0.825310 15.376779 1
Fp -0.825310 -15.376779 1
Fp -0.825310 16.841234 1
Fp -0.825310 -16.841234 1
Fp -0.825310 18.305689 1
Fp -0.825310 -18.305689 1
Fp -0.825310 19.770144 1
Fp -0.825310 -19.770144 1
Fp -0.825310 21.234599 1
Fp -0.825310 -21.234599 1
Fp -0.835333 0.699899 1
Fp -0.835333 -0.699899 1
Fp -0.835333 2.099697 1
Fp -0.835333 -2.099697 1
Fp -0.835333 3.499496 1
Fp -0.835333 -3.499496 1
Fp -0.835333 4.899294 1
Fp -0.835333 -4.899294 1
Fp -0.835333 6.299092 1
Fp -0.835333 -6.299092 1
Fp -0.835333 7.698890 1
Fp -0.835333 -7.698890 1
Fp -0.835333 9.098689 1
Fp -0.835333 -9.098689 1
Fp -0.835333 10.498487 1
Fp -0.835333 -10.498487 1
Fp -0.835333 11.898285 1
Fp -0.835333 -11.898285 1
Fp -0.835333 13.298083 1
Fp -0.835333 -13.298083 1
Fp -0.835333 14.697882 1
Fp -0.835333 -14.697882 1
Fp -0.835333 16.097680 1
Fp -0.835333 -16.097680 1
Fp -0.835333 17.497478 1
Fp -0.835333 -17.497478 1
Fp -0.835333 18.897276 1
Fp -0.835333 -18.897276 1
Fp -0.835333 20.297075 1
Fp -0.835333 -20.297075 1
Fp -0.835333 21.696873 1
Fp -0.835333 -21.696873 1
Fp -0.839278 0.686730 1
Fp -0.839278 -0.686730 1
Fp -0.839278 2.060191 1
Fp -0.839278 -2.060191 1
Fp -0.839278 3.433652 1
Fp -0.839278 -3.433652 1
Fp -0.839278 4.807112 1
Fp -0.839278 -4.807112 1
Fp -0.839278 6.180573 1
Fp -0.839278 -6.180573 1
Fp -0.839278 7.554033 1
Fp -0.839278 -7.554033 1
Fp -0.839278 8.927494 1
Fp -0.839278 -8.927494 1
Fp -0.839278 10.300955 1
Fp -0.839278 -10.300955 1
Fp -0.839278 11.674415 1
Fp -0.839278 -11.674415 1
Fp -0.839278 13.047876 1
Fp -0.839278 -13.047876 1
Fp -0.839278 14.421336 1
Fp -0.839278 -14.421336 1
Fp -0.839278 15.794797 1
Fp -0.839278 -15.794797 1
Fp -0.839278 17.168258 1
Fp -0.839278 -17.168258 1
Fp -0.839278 18.541718 1
Fp -0.839278 -18.541718 1
Fp -0.839278 19.915179 1
Fp -0.839278 -19.915179 1
Fp -0.839278 21.288639 1
Fp -0.839278 -21.288639 1
Fp -0.841054 0.680717 1
Fp -0.841054 -0.680717 1
Fp -0.841054 2.042152 1
Fp -0.841054 -2.042152 1
Fp -0.841054 3.403587 1
Fp -0.841054 -3.403587 1
Fp -0.841054 4.765022 1
Fp -0.841054 -4.765022 1
Fp -0.841054 6.126456 1
Fp -0.841054 -6.126456 1
Fp -0.841054 7.487891 1
Fp -0.841054 -7.487891 1
Fp -0.841054 8.849326 1
Fp -0.841054 -8.849326 1
Fp -0.841054 10.210760 1
Fp -0.841054 -10.210760 1
Fp -0.841054 11.572195 1
Fp -0.841054 -11.572195 1
Fp -0.841054 12.933630 1
Fp -0.841054 -12.933630 1
Fp -0.841054 14.295065 1
Fp -0.841054 -14.295065 1
Fp -0.841054 15.656499 1
Fp -0.841054 -15.656499 1
Fp -0.841054 17.017934 1
Fp -0.841054 -17.017934 1
Fp -0.841054 18.379369 1
Fp -0.841054 -18.379369 1
Fp -0.841054 19.740803 1
Fp -0.841054 -19.740803 1
Fp -0.841054 21.102238 1
Fp -0.841054 -21.102238 1
Fp -0.844280 0.669657 1
Fp -0.844280 -0.669657 1
Fp -0.844280 2.008970 1
Fp -0.844280 -2.008970 1
Fp -0.844280 3.348284 1
Fp -0.844280 -3.348284 1
Fp -0.844280 4.687597 1
Fp -0.844280 -4.687597 1
Fp -0.844280 6.026911 1
Fp -0.844280 -6.026911 1
Fp -0.844280 7.366224 1
Fp -0.844280 -7.366224 1
Fp -0.844280 8.705537 1
Fp -0.844280 -8.705537 1
Fp -0.844280 10.044851 1
Fp -0.844280 -10.044851 1
Fp -0.844280 11.384164 1
Fp -0.844280 -11.384164 1
Fp -0.844280 12.723478 1
Fp -0.844280 -12.723478 1
Fp -0.844280 14.062791 1
Fp -0.844280 -14.062791 1
Fp -0.844280 15.402105 1
Fp -0.844280 -15.402105 1
Fp -0.844280 16.741418 1
Fp -0.844280 -16.741418 1
Fp -0.844280 18.080732 1
Fp -0.844280 -18.080732 1
Fp -0.844280 19.420045 1
Fp -0.844280 -19.420045 1
Fp -0.844280 20.759358 1
Fp -0.844280 -20.759358 1
Fp -0.845753 0.664551 1
Fp -0.845753 -0.664551 1
Fp -0.845753 1.993654 1
Fp -0.845753 -1.993654 1
Fp -0.845753 3.322757 1
Fp -0.845753 -3.322757 1
Fp -0.845753 4.651860 1
Fp -0.845753 -4.651860 1
Fp -0.845753 5.980963 1
Fp -0.845753 -5.980963 1
Fp -0.845753 7.310066 1
Fp -0.845753 -7.310066 1
Fp -0.845753 8.639169 1
Fp -0.845753 -8.639169 1
Fp -0.845753 9.968272 1
Fp -0.845753 -9.968272 1
Fp -0.845753 11.297375 1
Fp -0.845753 -11.297375 1
Fp -0.845753 12.626478 1
Fp -0.845753 -12.626478 1
Fp -0.845753 13.955581 1
Fp -0.845753 -13.955581 1
Fp -0.845753 15.284684 1
Fp -0.845753 -15.284684 1
Fp -0.845753 16.613787 1
Fp -0.845753 -16.613787 1
Fp -0.845753 17.942890 1
Fp -0.845753 -17.942890 1
Fp -0.845753 19.271993 1
Fp -0.845753 -19.271993 1
Fp -0.845753 20.601096 1
Fp -0.845753 -20.601096 1
Fp -0.845753 21.930199 1
Fp -0.845753 -21.930199 1
Fp -0.853093 0.638538 1
Fp -0.853093 -0.638538 1
Fp -0.853093 1.915613 1
Fp -0.853093 -1.915613 1
Fp -0.853093 3.192688 1
Fp -0.853093 -3.192688 1
Fp -0.853093 4.469763 1
Fp -0.853093 -4.469763 1
Fp -0.853093 5.746838 1
Fp -0.853093 -5.746838 1
Fp -0.853093 7.023913 1
Fp -0.853093 -7.023913 1
Fp -0.853093 8.300988 1
Fp -0.853093 -8.300988 1
Fp -0.853093 9.578064 1
Fp -0.853093 -9.578064 1
Fp -0.853093 10.855139 1
Fp -0.853093 -10.855139 1
Fp -0.853093 12.132214 1
Fp -0.853093 -12.132214 1
Fp -0.853093 13.409289 1
Fp -0.853093 -13.409289 1
Fp -0.853093 14.686364 1
Fp -0.853093 -14.686364 1
Fp -0.853093 15.963439 1
Fp -0.853093 -15.963439 1
Fp -0.853093 17.240514 1
Fp -0.853093 -17.240514 1
Fp -0.853093 18.517589 1
Fp -0.853093 -18.517589 1
Fp -0.853093 19.794665 1
Fp -0.853093 -19.794665 1
Fp -0.853093 21.071740 1
Fp -0.853093 -21.071740 1
Fp -0.856042 0.627823 1
Fp -0.856042 -0.627823 1
Fp -0.856042 1.883469 1
Fp -0.856042 -1.883469 1
Fp -0.856042 3.139115 1
Fp -0.856042 -3.139115 1
Fp -0.856042 4.394761 1
Fp -0.856042 -4.394761 1
Fp -0.856042 5.650407 1
Fp -0.856042 -5.650407 1
Fp -0.856042 6.906053 1
Fp -0.856042 -6.906053 1
Fp -0.856042 8.161699 1
Fp -0.856042 -8.161699 1
Fp -0.856042 9.417345 1
Fp -0.856042 -9.417345 1
Fp -0.856042 10.672991 1
Fp -0.856042 -10.672991 1
Fp -0.856042 11.928637 1
Fp -0.856042 -11.928637 1
Fp -0.856042 13.184283 1
Fp -0.856042 -13.184283 1
Fp -0.856042 14.439929 1
Fp -0.856042 -14.439929 1
Fp -0.856042 15.695575 1
Fp -0.856042 -15.695575 1
Fp -0.856042 16.951221 1
Fp -0.856042 -16.951221 1
Fp -0.856042 18.206867 1
Fp -0.856042 -18.206867 1
Fp -0.856042 19.462513 1
Fp -0.856042 -19.462513 1
Fp -0.856042 20.718159 1
Fp -0.856042 -20.718159 1
Fp -0.856042 21.973806 1
Fp -0.856042 -21.973806 1
Fp -0.857809 0.621329 1
Fp -0.857809 -0.621329 1
Fp -0.857809 1.863987 1
Fp -0.857809 -1.863987 1
Fp -0.857809 3.106645 1
Fp -0.857809 -3.106645 1
Fp -0.857809 4.349304 1
Fp -0.857809 -4.349304 1
Fp -0.857809 5.591962 1
Fp -0.857809 -5.591962 1
Fp -0.857809 6.834620 1
Fp -0.857809 -6.834620 1
Fp -0.857809 8.077278 1
Fp -0.857809 -8.077278 1
Fp -0.857809 9.319936 1
Fp -0.857809 -9.319936 1
Fp -0.857809 10.562595 1
Fp -0.857809 -10.562595 1
Fp -0.857809 11.805253 1
Fp -0.857809 -11.805253 1
Fp -0.857809 13.047911 1
Fp -0.857809 -13.047911 1
Fp -0.857809 14.290569 1
Fp -0.857809 -14.290569 1
Fp -0.857809 15.533227 1
Fp -0.857809 -15.533227 1
Fp -0.857809 16.775886 1
Fp -0.857809 -16.775886 1
Fp -0.857809 18.018544 1
Fp -0.857809 -18.018544 1
Fp -0.857809 19.261202 1
Fp -0.857809 -19.261202 1
Fp -0.857809 20.503860 1
Fp -0.857809 -20.503860 1
Fp -0.857809 21.746518 1
Fp -0.857809 -21.746518 1
Fp -0.860955 0.609628 1
Fp -0.860955 -0.609628 1
Fp -0.860955 1.828885 1
Fp -0.860955 -1.828885 1
Fp -0.860955 3.048142 1
Fp -0.860955 -3.048142 1
Fp -0.860955 4.267398 1
Fp -0.860955 -4.267398 1
Fp -0.860955 5.486655 1
Fp -0.860955 -5.486655 1
Fp -0.860955 6.705912 1
Fp -0.860955 -6.705912 1
Fp -0.860955 7.925169 1
Fp -0.860955 -7.925169 1
Fp -0.860955 9.144425 1
Fp -0.860955 -9.144425 1
Fp -0.860955 10.363682 1
Fp -0.860955 -10.363682 1
Fp -0.860955 11.582939 1
Fp -0.860955 -11.582939 1
Fp -0.860955 12.802195 1
Fp -0.860955 -12.802195 1
Fp -0.860955 14.021452 1
Fp -0.860955 -14.021452 1
Fp -0.860955 15.240709 1
Fp -0.860955 -15.240709 1
Fp -0.860955 16.459965 1
Fp -0.860955 -16.459965 1
Fp -0.860955 17.679222 1
Fp -0.860955 -17.679222 1
Fp -0.860955 18.898479 1
Fp -0.860955 -18.898479 1
Fp -0.860955 20.117736 1
Fp -0.860955 -20.117736 1
Fp -0.860955 21.336992 1
Fp -0.860955 -21.336992 1
Fp -0.862365 0.604327 1
Fp -0.862365 -0.604327 1
Fp -0.862365 1.812981 1
Fp -0.862365 -1.812981 1
Fp -0.862365 3.021636 1
Fp -0.862365 -3.021636 1
Fp -0.862365 4.230290 1
Fp -0.862365 -4.230290 1
Fp -0.862365 5.438944 1
Fp -0.862365 -5.438944 1
Fp -0.862365 6.647598 1
Fp -0.862365 -6.647598 1
Fp -0.862365 7.856252 1
Fp -0.862365 -7.856252 1
Fp -0.862365 9.064907 1
Fp -0.862365 -9.064907 1
Fp -0.862365 10.273561 1
Fp -0.862365 -10.273561 1
Fp -0.862365 11.482215 1
Fp -0.862365 -11.482215 1
Fp -0.862365 12.690869 1
Fp -0.862365 -12.690869 1
Fp -0.862365 13.899523 1
Fp -0.862365 -13.899523 1
Fp -0.862365 15.108178 1
Fp -0.862365 -15.108178 1
Fp -0.862365 16.316832 1
Fp -0.862365 -16.316832 1
Fp -0.862365 17.525486 1
Fp -0.862365 -17.525486 1
Fp -0.862365 18.734140 1
Fp -0.862365 -18.734140 1
Fp -0.862365 19.942794 1
Fp -0.862365 -19.942794 1
Fp -0.862365 21.151449 1
Fp -0.862365 -21.151449 1
Fp -0.864311 0.596956 1
Fp -0.864311 -0.596956 1
Fp -0.864311 1.790867 1
Fp -0.864311 -1.790867 1
Fp -0.864311 2.984778 1
Fp -0.864311 -2.984778 1
Fp -0.864311 4.178690 1
Fp -0.864311 -4.178690 1
Fp -0.864311 5.372601 1
Fp -0.864311 -5.372601 1
Fp -0.864311 6.566512 1
Fp -0.864311 -6.566512 1
Fp -0.864311 7.760423 1
Fp -0.864311 -7.760423 1
Fp -0.864311 8.954335 1
Fp -0.864311 -8.954335 1
Fp -0.864311 10.148246 1
Fp -0.864311 -10.148246 1
Fp -0.864311 11.342157 1
Fp -0.864311 -11.342157 1
Fp -0.864311 12.536069 1
Fp -0.864311 -12.536069 1
Fp -0.864311 13.729980 1
Fp -0.864311 -13.729980 1
Fp -0.864311 14.923891 1
Fp -0.864311 -14.923891 1
Fp -0.864311 16.117803 1
Fp -0.864311 -16.117803 1
Fp -0.864311 17.311714 1
Fp -0.864311 -17.311714 1
Fp -0.864311 18.505625 1
Fp -0.864311 -18.505625 1
Fp -0.864311 19.699537 1
Fp -0.864311 -19.699537 1
Fp -0.864311 20.893448 1
Fp -0.864311 -20.893448 1
Fp -0.864919 0.594638 1
Fp -0.864919 -0.594638 1
Fp -0.864919 1.783913 1
Fp -0.864919 -1.783913 1
Fp -0.864919 2.973189 1
Fp -0.864919 -2.973189 1
Fp -0.864919 4.162465 1
Fp -0.864919 -4.162465 1
Fp -0.864919 5.351740 1
Fp -0.864919 -5.351740 1
Fp -0.864919 6.541016 1
Fp -0.864919 -6.541016 1
Fp -0.864919 7.730291 1
Fp -0.864919 -7.730291 1
Fp -0.864919 8.919567 1
Fp -0.864919 -8.919567 1
Fp -0.864919 10.108843 1
Fp -0.864919 -10.108843 1
Fp -0.864919 11.298118 1
Fp -0.864919 -11.298118 1
Fp -0.864919 12.487394 1
Fp -0.864919 -12.487394 1
Fp -0.864919 13.676669 1
Fp -0.864919 -13.676669 1
Fp -0.864919 14.865945 1
Fp -0.864919 -14.865945 1
Fp -0.864919 16.055221 1
Fp -0.864919 -16.055221 1
Fp -0.864919 17.244496 1
Fp -0.864919 -17.244496 1
Fp -0.864919 18.433772 1
Fp -0.864919 -18.433772 1
Fp -0.864919 19.623047 1
Fp -0.864919 -19.623047 1
Fp -0.864919 20.812323 1
Fp -0.864919 -20.812323 1
