# LMFDB 1.0.1.7.1 (level 1, even, R = 17.73856338105737789321732636154654617), a(n) for n = 1.., a(1) = 1; downloaded 13 Sep 2026
1.00000000000000000000000000000000000000000000000000000000000000000000000000
-0.765458056600338169232569663961409982938579592871925273098483073619594294914
-0.977778907476143038108505126097599028250952337282040616453346828297075063676
-0.414073963585633487712870508841538257372518434651509861064506393403182735115
-1.01527352252591962089585339876253691779699142053593206860790017310043294086
0.748448742301490315556920085509141378828042639366251694464036679253050734889
1.18082083560596529908218157175346820158639223552255103654181663882023785369
1.08241430805539637349163633512389324263367346430451293652504965550056070536
-0.0439484080947601120185008280615875288959022698625735403707178232874650359977
0.777149297470470090406709583290325218797117504169822541077242916612417715608
-0.620487726175120683745403033500669330015041779960111686462279551345225193676
0.404872787729076947541782505594346739116884171847495689754152770872919604815
0.265288698930324604489652744242185639538822112403365128774322389605243860559
-0.903868822016129598478263608217479235966842710065156403470728087473981606353
0.992713035644848985616017080696656874858738816861287909898469849789043868235
-0.414468789094849984698602713824036318881923091701139182235533223065698226014
-0.135740408678224741059574072457953220248281378278873978812381724692323273274
0.0336406630508936459883180105280719889805244941000718802819132777270956238671
0.176971040950302581561411386949557921570831268224465391954194549170628782639
0.420398331595855481623189535175972921462226613028650944134980093011694058086
-1.15458170656386705294375160249831427407086915125905530585650912978036655209
0.474957329022370659708398951562395729989592601626129195078730612299728791074
1.00137335555581933892385885351285820896917999927543972371321081760787355174
-1.05836187956695079865402775195281261968090239346816795706776616514492592945
0.0307803255421890158682671983578607552819090052245166701588374988035930997932
-0.203067371921238483035539896920641178015850712096455124280068699487576679698
1.02075073392835326141542392871807299523594493383580319858310783782221006699
-0.488947163683861782151386752133138209510576423753968060307249276962627308685
-0.110159954199412400021615301947054275996911143176116385951615297336858447596
-0.759880191026528337335543708469118867359390480388212797741867586229843330139
1.27586848869693077124960974081053581953967429760073201774103794056929769634
-0.765155834233357070543371881737903138404204911988885730468134935656487689022
0.606699811001865703795733025716586227147290204721003517104797256283485307567
0.103903589428969588259331202142151019747365541452454931411083047032217513207
-1.19885612923766823961676395053134954043350848594029227227460061679926358544
0.0181978915330762586297874820654356245665245210344560749481890556486216699015
1.39231869851857213272617510666407298689714294255204734215960061840698017315
-0.135463909080357477425066172205936046404477602340379447668409042452044707935
-0.259393694205860228017637244312229370780485824187176397355001471083549400406
-1.09894658737185816976562259594113333702052546923064121936349690441424451476
0.344716239254896724339895664377084108793022990419085104879969945419691579325
0.883783869292679582136741086630472111830687525089271403586382563609060849489
-0.351234617154737725457447011683306972680180656687410490376021092023482292062
0.256927812133569444684693216869875849950598252604668611329715985757549952358
0.0446196550957737387983103577318256278345522482405263625665302887475504877726
-0.766509302675116917652517754054207492196011904510101822077631013161044476242
-0.133377451643331393648208088077335679879073988002658363417808678453877551147
0.405258839784122365808341616043002107316717702110003515963826116393691601190
0.394337845801170126253686698050843234292898445232962085835792135015579752806
-0.0235610481710497543554572177498116650788441538093541047566882448897024723197
0.132724108497759752595728381268515641964025138785640101678841060935450301777
-0.109849143060555315862813762267728578381085808513556215938492627783787600876
-0.535893731812988769742719130343888274179774201042646432318321028588612591535
-0.781341873066166157613659638213812406567734882270630440269570462132755329645
0.629964759437913035081793050965651286009113861741070948329534948059811460108
1.27813736770982588191398676390814572409329015917402159443410954461692654763
-0.173038551075302628613696922626721953012430425962438100624821783041419930834
0.0843228244566644772896589716432789281827798130240360488393358667712582095021
-1.58303599721159566302714202416781703541027197985043910881534632305369349795
-0.411056621372588877373278240768248041090820383678722073748378466950689215284
