# LMFDB 2.0.1.6.1, a(n) for n = 1.., a(1) = 1; downloaded 13 Sep 2026
1
-0.707106781186547524400844362105
-1.40173310496192746340646460802
0.5
0.852892842511063280545181882803
0.991174983932253496806196978434
0.324095073600026732043914169228
-0.353553390593273762200422181052
0.964855697546205955132484542189
-0.603086312565042961543241571201
0.223767009453047850088534857791
-0.70086655248096373170323230401
1.30837905612205888907634512235
-0.229169824291732117660116135078
-1.19552813233283693513321701863
0.25
1.32961348293392472462672479103
-0.68225600660139873347805613629
-0.404858438828673201460416117231
0.426446421255531640272590941401
-0.45429479382022987764149724088
-0.158227169790084417571120863151
0.631173978336775216852449177354
0.495587491966126748403098489217
-0.272573799193398608166767352418
-0.925163702946362278044693958394
0.0492629322002778128014254068704
0.162047536800013366021957084614
0.177385439268448300666926101465
0.845366049471837159238210677944
-0.263703798949570659530636070995
-0.176776695296636881100211090526
-0.313661624948665736962349346862
-0.940178710139642051378422774952
0.276418368566559062291468256795
0.482427848773102977566242271094
1.2507236629979731568030454635
0.286278147516353857481919008168
-1.83399823680512955608541344702
-0.301543156282521480771620785601
1.0592967908281133819774033652
0.321234929368029010594458877641
-1.36490864601716488187400684265
0.111883504726523925044267428896
0.822918518493178341430943040515
-0.446307400190424800634069875337
1.58691522451394519182101842837
-0.350433276240481865851616152005
-0.89496238326819325559252031707
0.192738781783432453726744551907
-1.86376323583221305610302901284
0.654189528061029444538172561176
1.19729997244559038293699811818
-0.0348341534199495695624249783872
0.190849280752609948352859806263
-0.114584912145866058830058067539
0.567503476529354661985893348117
-0.125430446990474287309795623833
-0.579751443892553016129673821513
-0.597764066166418467566608509314
-0.450564648586831714809801577099
0.186466744461895381261895431517
0.312704978309642750994298517011
0.125
1.11590713225788479741403479982
0.221792261999193119142159279161
-0.997638508068558221704397941761
0.664806741466962362313362395515
-0.88473746042518026601851772302
-0.195457302857936325138310369718
0.569811287532920364614124067697
-0.341128003300699366739028068145
0.184875179220073627959791960199
-0.884395183496345011473237566976
0.382075717874631550584051522498
-0.202429219414336600730208058616
0.0725217853979434204682887124478
1.2968325899290787155230261061
0.896392097089137201785584821928
0.213223210627765820136295470701
-1.03390918045883029074433539618
-0.7490359440837067717678087157
-1.63911384202247172606729998262
-0.22714739691011493882074862044
1.13401782290055018504627147124
0.965136159298886259315984731837
-0.248647042560797451398115547193
-0.0791135848950422087855604315754
0.689339088336067528621875805446
-0.581891264790513719876665946267
0.42403920649061218188511694261
0.315586989168387608426224588677
0.369642344891837546465414513625
-1.12211851642198318076607446892
-0.345300864707178519786995423063
0.247793745983063374201549244608
-1.08465405195290764146153264319
0.632833970115813409678498394493
0.215902873993648945296966510346
-0.136286899596699304083383676209
-0.609418352283493035388313378408
1.31787962258314044792099166005
1.0995319909304187926707576816
-0.462581851473181139022346979197
-0.387464778039313285099332541573
-0.84661892963074345914806211951
0.422052951484936755466412495676
0.0246314661001389064007127034352
0.8829708282376599487458689332
-0.134950820604745738786448050356
-1.75318076358350429936429383049
0.0810237684000066830109785423069
-0.15558931859032920754055651702
-0.401285556600847395679611907349
0.538323768502668491779997578367
0.0886927196342241503334630507323
1.26239698684949567851929043157
0.409946177379116469733265519414
0.430921179611058220850772764848
0.422683024735918579619105338972
-0.94992832548043959409836398489
