# LMFDB 2.0.1.4.1, a(n) for n = 1.., a(1) = 1; downloaded 13 Sep 2026
1
-0.707106781186547524400844362105
1.10378899562725482286040618611
0.5
0.904174592839519308118889564277
-0.780496683807120338254705840582
0.829342467554931870891698808701
-0.353553390593273762200422181052
0.21835014686782396646143015171
-0.639347985973409679471648909269
0.56723613871416374630865234619
0.551894497813627411430203093053
-0.828347539824443436519082013902
-0.586433682734076600103396871119
0.998017965702015087458077023849
0.25
-0.310250240924602782811915613986
-0.15439686952331691674994717678
-0.736937970335521594847819529183
0.452087296419759654059444782139
0.915419089293487419641798937282
-0.401096520218858303187032991753
-0.0635022974709433669580527022742
-0.390248341903560169127352920291
-0.182468305663489479506168812748
0.585730162589057686411365686888
-0.862776506320955826387909895976
0.41467123377746593544584940435
1.74870896693013885639477106838
-0.705705271293898074515192027991
-1.5866160663371202575615572853
-0.176776695296636881100211090526
0.626109007834788997512635905308
0.219380049222546751847025957983
0.749870387926002776506627467386
0.109175073433911983230715075855
-0.75463296369477821872441244697
0.521093836138098118891902285547
-0.914320899013129886589178360982
-0.319673992986704839735824454634
0.740022536315121751268824092754
-0.647299045667038618463884187956
0.789726181520820060445699209107
0.283618069357081873154326173095
0.197426655140663977029218788769
0.0449029051626294016299808933057
-0.98414406087862340855164933295
0.275947248906813705715101546527
-0.312191071509896777047556659011
0.129024576286273125784113030015
-0.342450801823281136327727670073
-0.414173769912221718259541006951
1.15380560752637491719984100422
0.610075118267986048605733580903
0.51288050476574010065316245666
-0.293216841367038300051698435559
-0.813424022116233090019786762765
-1.23652396883802326730670325038
-0.144663126296620347728266767072
0.499008982851007543729038511924
0.0704614912299774182201203821246
1.12190697964650286548403931971
0.181087049594342906777686504748
0.125
-0.748970799550383649357119953526
-0.442725925201960513262025736229
0.94245792929218476791839066522
-0.155125120462301391405957806993
-0.0700931371454757430679106007896
-0.530238436313463553981760404114
-1.11532782245420095597757574225
-0.0771984347616584583749735883899
1.42347500730267121702415701491
0.533606085935479403959666348881
-0.201406507842109985523777714452
-0.368468985167760797423909764592
0.470433018967536180899613952603
0.646522507872764651059822781626
-0.686599911883655823145668588109
0.226043648209879827029722391069
-1.17067336023062367015000696096
-0.523274953659290715313200777853
0.22546111015218236525593318175
0.457709544646743709820899468641
-0.280520385266365491515769737376
-0.558420738233930221539224617241
1.93020571425219233679660182847
-0.200548260109429151593516495876
0.894534287471895153219548054297
-0.139601726636941460767018938944
-0.686983792671061116568007752373
-0.0317511487354716834790263511371
-1.75128935430831587992577730418
0.695894939111741068342905691759
-0.666320589276101996111332376207
-0.195124170951780084563676460146
1.47725053959678226953781566268
0.220752423690542391190590689236
0.123856094196975022093592781091
-0.0912341528317447397530844063742
-0.898023282254472113186005018906
0.242149284192012604475938928577
0.55698334062903178193319684494
0.292865081294528843205682843444
0.827698682339462556394248884364
-0.815863769252963920024178584449
-0.290778807385982207102839739377
-0.431388253160477913193954947988
-0.304952622830205212901139391629
-0.362661282858234230132977976772
-0.832955561063877902760700840925
0.207335616888732967722924702175
1.13084135915519427665592407547
0.575177642018424625743535600541
-0.057417163960164255511169869206
0.874354483465069428197385534188
-0.180869806978267886351699267314
0.102292277591986213343956590391
-0.257303700367922179533189413804
-0.352852635646949037257596013995
-0.678243162936645984778506717784
