logY Y Sw sqrtY_times_Sw
6.90675 999 0.005073968628 0.160373
6.93049 1023 0.003824272302 0.122317
6.95368 1047 0.001230585001 0.039819
6.97635 1071 0.00007248431357 0.002372
6.99942 1096 -0.0002431328489 -0.008049
7.02287 1122 -0.002110623182 -0.070698
7.04578 1148 -0.003780907947 -0.128105
7.06902 1175 -0.004901239879 -0.168006
7.09174 1202 -0.004087173352 -0.141702
7.11477 1230 -0.002573122668 -0.090243
7.13807 1259 0.001050159064 0.037262
7.16162 1289 0.005214074866 0.187199
7.18463 1319 0.007347145232 0.266834
7.20712 1349 0.006061877694 0.222645
7.23056 1381 0.003216243937 0.119521
7.25347 1413 0.0009159166090 0.034429
7.27656 1446 -0.0002347460225 -0.008927
7.29980 1480 -0.0009156509883 -0.035226
7.32317 1515 -0.001940191085 -0.075518
7.34601 1550 -0.002383224323 -0.093828
7.36897 1586 -0.003558648373 -0.141722
7.39203 1623 -0.003267229063 -0.131625
7.41518 1661 -0.003447094831 -0.140488
7.43838 1700 -0.002080997035 -0.085802
7.46164 1740 -0.0003225425145 -0.013454
7.48437 1780 0.001541014751 0.065015
7.50769 1822 0.002259009996 0.096426
7.53048 1864 0.002848846845 0.122996
7.55381 1908 0.002421803997 0.105786
7.57712 1953 0.001830193972 0.080881
7.59990 1998 0.001889892584 0.084476
7.62315 2045 -0.0008282783718 -0.037456
7.64635 2093 -0.003149897580 -0.144106
7.66950 2142 -0.003840713036 -0.177755
7.69257 2192 -0.003150922040 -0.147522
7.71557 2243 -0.002204711058 -0.104416
7.73849 2295 -0.0005614003402 -0.026895
7.76174 2349 0.0005409598085 0.026218
7.78489 2404 0.001048076825 0.051388
7.80792 2460 0.0008614553713 0.042727
7.83082 2517 0.001528081313 0.076663
7.85399 2576 0.001535437664 0.077930
7.87702 2636 0.0008704515743 0.044691
7.90027 2698 0.001990561379 0.103394
7.92335 2761 0.002920981638 0.153484
7.94626 2825 0.003117488351 0.165697
7.96936 2891 0.0004498955548 0.024190
7.99261 2959 -0.001976114602 -0.107494
8.01566 3028 -0.002883439415 -0.158668
8.03883 3099 -0.002803400274 -0.156062
8.06180 3171 -0.001553556069 -0.087483
8.08487 3245 -0.0006111985809 -0.034817
8.10802 3321 0.0006469740824 0.037284
8.13094 3398 0.001681494469 0.098018
8.15421 3478 0.001653682657 0.097525
8.17723 3559 0.002417910306 0.144246
8.20029 3642 0.002059794993 0.124307
8.22336 3727 0.001289492764 0.078722
8.24643 3814 0.0008621864998 0.053247
8.26950 3903 0.0001582509381 0.009887
8.29255 3994 -0.001035145616 -0.065419
8.31581 4088 -0.002353353090 -0.150467
8.33878 4183 -0.002560296706 -0.165590
8.36194 4281 -0.002044761729 -0.133787
8.38503 4381 -0.002332000830 -0.154353
8.40805 4483 -0.001378962823 -0.092329
8.43120 4588 -0.0008093894636 -0.054824
8.45425 4695 -0.0004043530294 -0.027706
8.47741 4805 -0.0001763731886 -0.012226
8.50045 4917 0.0006057169860 0.042474
8.52357 5032 0.001972364812 0.139913
8.54656 5149 0.003283901305 0.235641
8.56960 5269 0.002892866002 0.209987
8.59267 5392 0.0008414101995 0.061785
8.61577 5518 -0.001022534219 -0.075957
8.63888 5647 -0.001025592996 -0.077070
8.66199 5779 -0.001335683577 -0.101538
8.68508 5914 -0.001896899775 -0.145876
8.70814 6052 -0.001747224109 -0.135925
8.73134 6194 -0.0003209364234 -0.025258
8.75432 6338 0.0002586016728 0.020588
8.77740 6486 0.0009052848973 0.072908
8.80057 6638 0.001277945889 0.104119
8.82365 6793 0.001762066981 0.145229
8.84664 6951 0.001563282635 0.130335
8.86982 7114 0.0009829584557 0.082907
8.89289 7280 0.0006164840004 0.052600
8.91597 7450 -0.0001696384268 -0.014642
8.93906 7624 -0.0001057719754 -0.009236
8.96214 7802 0.00001248237652 0.001103
8.98519 7984 -0.0006320908479 -0.056479
9.00835 8171 -0.001138132982 -0.102880
9.03133 8361 -0.002061067654 -0.188461
9.05450 8557 -0.002131211277 -0.197146
9.07761 8757 -0.001115050442 -0.104345
9.10064 8961 -0.0001161377884 -0.010994
9.12369 9170 0.001332078975 0.127560
9.14676 9384 0.002489896151 0.241199
9.16993 9604 0.002524492324 0.247400
9.19299 9828 0.001618049547 0.160407
9.21602 10057 0.0001899571177 0.019050
9.23912 10292 -0.0005098915819 -0.051728
9.26227 10533 -0.0008272864725 -0.084905
9.28536 10779 -0.001237823086 -0.128513
9.30837 11030 -0.001497415272 -0.157264
9.33150 11288 -0.0007880457963 -0.083726
9.35453 11551 -0.00009539437460 -0.010253
9.37763 11821 -0.0004902117272 -0.053298
9.40071 12097 -0.0008629548920 -0.094913
9.42384 12380 0.0001206818280 0.013428
9.44691 12669 0.0005861340575 0.065973
9.47001 12965 0.0002460424783 0.028015
9.49311 13268 0.0004777251463 0.055028
9.51613 13577 0.0004147453805 0.048326
9.53921 13894 0.0003949275369 0.046551
9.56233 14219 0.0005553789722 0.066225
9.58541 14551 -0.000006548056434 -0.000790
9.60851 14891 -0.0004819755277 -0.058815
9.63161 15239 -0.0004831116942 -0.059638
9.65464 15594 -0.0003054358280 -0.038142
9.67778 15959 -0.0007658386716 -0.096748
9.70082 16331 -0.0002540303253 -0.032463
9.72394 16713 0.0004800368891 0.062059
9.74701 17103 0.0009213387964 0.120491
9.77007 17502 0.0006580313258 0.087054
9.79317 17911 0.0004959491655 0.066374
9.81624 18329 0.0005539423173 0.074995
9.83932 18757 0.0003992717803 0.054683
9.86241 19195 0.00001904603684 0.002639
9.88553 19644 -0.00007226688059 -0.010129
9.90857 20102 -0.00006775985025 -0.009607
9.93169 20572 0.00001590595986 0.002281
9.95475 21052 -0.00008862279558 -0.012859
9.97785 21544 -0.0005840594413 -0.085728
10.00093 22047 -0.0009447191972 -0.140274
10.02402 22562 -0.0006774507423 -0.101758
10.04711 23089 0.00001600250087 0.002432
10.07019 23628 0.0002707933756 0.041625
10.09328 24180 0.0003231358808 0.050247
10.11634 24744 0.00003170451993 0.004987
10.13943 25322 0.0001816423644 0.028905
10.16250 25913 0.0006205020543 0.099885
10.18562 26519 0.0003022984100 0.049228
10.20869 27138 -0.00006945562202 -0.011442
10.23178 27772 -0.0001462694223 -0.024376
10.25485 28420 -0.0006140551908 -0.103519
10.27794 29084 -0.001068826054 -0.182278
10.30102 29763 -0.0006138995904 -0.105910
10.32410 30458 0.0001968616848 0.034357
10.34718 31169 0.0001050527151 0.018547
10.37027 31897 0.0001888784786 0.033733
10.39336 32642 0.0003434926738 0.062059
10.41643 33404 0.0003565823733 0.065172
10.43951 34184 0.0004125416177 0.076274
10.46262 34983 0.0003748058514 0.070103
10.48570 35800 0.0001213751948 0.022965
10.50879 36636 0.0001564024692 0.029936
10.53186 37491 0.0003536119195 0.068468
10.55495 38367 -0.00006256552376 -0.012255
10.57804 39263 -0.0003635893917 -0.072045
10.60112 40180 -0.0004914101450 -0.098503
10.62420 41118 -0.0006518106731 -0.132171
10.64728 42078 -0.0005241577366 -0.107520
10.67037 43061 -0.0001951942350 -0.040505
10.69344 44066 0.0001688221203 0.035439
10.71653 45095 0.0004089534316 0.086844
10.73961 46148 0.0006834344378 0.146816
10.76270 47226 0.0008135545366 0.176798
10.78579 48329 0.0007220245031 0.158729
10.80886 49457 0.0003347464669 0.074444
10.83194 50612 -0.0001563238710 -0.035168
10.85503 51794 -0.0002845853435 -0.064767
10.87812 53004 -0.0005643607653 -0.129931
10.90121 54242 -0.0005198452792 -0.121072
10.92428 55508 -0.0003526121541 -0.083076
10.94736 56804 -0.0004065150793 -0.096887
10.97045 58131 -0.0002403400961 -0.057947
10.99353 59488 -0.0001953116796 -0.047637
11.01663 60878 -0.0001271519104 -0.031373
11.03970 62299 0.00002234498492 0.005577
11.06279 63754 0.0003255075387 0.082189
11.08587 65243 0.0006027341803 0.153955
11.10895 66766 0.0006045778012 0.156218
11.13205 68326 0.0005119625657 0.133823
11.15512 69921 0.0003472125769 0.091812
11.17821 71554 -0.0001033053089 -0.027634
11.20129 73225 -0.0002716841447 -0.073518
11.22438 74935 -0.0004969833273 -0.136045
11.24746 76685 -0.0006712349894 -0.185879
11.27054 78475 -0.0007342761529 -0.205696
11.29362 80308 -0.0005100780803 -0.144549
11.31670 82183 -0.0002220651238 -0.063661
11.33980 84103 0.0002043324014 0.059257
11.36288 86067 0.0006289464195 0.184515
11.38596 88076 0.0007268612042 0.215715
11.40904 90133 0.0004328874469 0.129962
11.43213 92238 0.00005625090667 0.017084
11.45521 94392 0.0001114418943 0.034239
11.47829 96596 0.0001647934825 0.051218
11.50138 98852 0.0001277398678 0.040162
11.52446 101160 -0.0001655376298 -0.052650
11.54755 103523 -0.0002590223306 -0.083340
11.57063 105940 -0.0002523078808 -0.082122
11.59371 108414 -0.0001449610066 -0.047730
11.61680 110946 -0.0002108558884 -0.070233
11.63988 113537 -0.0003806475444 -0.128260
11.66296 116188 -0.0001417826576 -0.048329
11.68605 118901 0.00009009768824 0.031068
11.70913 121678 0.0002397634744 0.083635
11.73221 124519 0.0003519672854 0.124200
11.75530 127427 0.0005352963523 0.191084
11.77838 130403 0.0004707299182 0.169987
11.80147 133448 0.0002817022527 0.102907
11.82455 136564 -0.00001882762708 -0.006958
11.84763 139753 -0.0002491176513 -0.093129
11.87072 143017 -0.0003657878173 -0.138332
11.89380 146357 -0.0003807402048 -0.145658
11.91688 149774 -0.0003508727700 -0.135790
11.93997 153272 -0.0003543076391 -0.138711
11.96305 156851 -0.0001337777354 -0.052982
11.98614 160514 -0.00005268297646 -0.021107
12.00922 164262 -0.00006846361113 -0.027748
12.03230 168098 0.00005364440846 0.021994
12.05538 172023 0.0001452947286 0.060262
12.07847 176041 0.0002509514726 0.105292
12.10156 180152 0.0003905143361 0.165751
12.12463 184358 0.0004085636200 0.175425
12.14772 188664 0.0002936673518 0.127556
12.17080 193069 0.00005873598067 0.025808
12.19389 197578 -0.0001977980331 -0.087921
12.21697 202192 -0.0003061958870 -0.137683
12.24005 206913 -0.0004501512910 -0.204763
12.26314 211745 -0.0004240240718 -0.195118
12.28622 216690 -0.0001429181430 -0.066528
12.30931 221750 0.00006685762878 0.031483
12.33239 226928 0.00009766223973 0.046523
12.35547 232228 0.0001971615225 0.095012
12.37856 237651 0.0002638450613 0.128623
12.40164 243200 0.0002731951443 0.134727
12.42472 248879 0.0002204917706 0.109998
12.44781 254691 0.0001134165185 0.057238
12.47089 260639 0.00002948092317 0.015051
12.49397 266725 0.000005534710959 0.002858
12.51706 272954 -0.0001272046647 -0.066458
12.54014 279328 -0.0002166897199 -0.114524
12.56323 285851 -0.0001822357475 -0.097432
12.58631 292526 -0.0001427042853 -0.077183
12.60939 299357 -0.0002174095839 -0.118952
12.63248 306348 -0.0001543406585 -0.085426
12.65556 313502 -0.00006900254625 -0.038635
12.67864 320823 0.00005256754451 0.029775
12.70173 328315 0.0002502172054 0.143371
12.72481 335981 0.0003430141591 0.198824
12.74789 343827 0.0002930552247 0.171838
12.77098 351856 0.0001988517275 0.117954
12.79406 360073 0.00003234898145 0.019411
12.81714 368481 -0.0001532670693 -0.093037
12.84023 377086 -0.0001888373231 -0.115960
12.86331 385892 -0.0001818725733 -0.112980
12.88640 394903 -0.0001966119328 -0.123554
12.90948 404125 -0.0001680760810 -0.106847
12.93256 413562 -0.00007253293427 -0.046645
12.95565 423220 -0.00004535583011 -0.029506
12.97873 433103 0.00003632723205 0.023907
13.00181 443217 0.00008763587826 0.058343
13.02490 453567 0.0001267567269 0.085367
13.04798 464158 0.0001630699554 0.111098
13.07106 474997 0.00007198012801 0.049609
13.09415 486090 0.00005305465941 0.036990
13.11723 497441 0.00003091884926 0.021807
13.14032 509057 -0.00001953301455 -0.013936
13.16340 520945 -0.00003643106485 -0.026295
13.18648 533110 -0.00002880515089 -0.021032
13.20957 545559 -0.00009309301112 -0.068760
13.23265 558299 -0.0001547820014 -0.115652
13.25573 571336 -0.0001437392628 -0.108648
13.27882 584678 -0.00006773064966 -0.051790
13.30190 598332 0.00003948773277 0.030545
13.32498 612304 0.0001707660751 0.133624
13.34807 626603 0.0002200902066 0.174220
13.37115 641235 0.0002331986181 0.186739
13.39423 656209 0.00008390521058 0.067969
13.41732 671533 -0.0001044760287 -0.085615
13.44040 687215 -0.0001325696901 -0.109898
13.46349 703263 -0.00007056738998 -0.059178
13.48657 719685 -0.00002594811373 -0.022013
13.50965 736491 -0.00004315772797 -0.037038
13.53274 753690 -0.00001402831494 -0.012179
13.55582 771290 0.00001641553262 0.014417
13.57890 789301 -0.00002034616100 -0.018076
13.60199 807733 -0.00002316248481 -0.020817
13.62507 826595 -0.00004034136811 -0.036677
13.64815 845898 -0.00002607380252 -0.023981
13.67124 865652 0.00001617165652 0.015046
13.69432 885866 0.00006903545673 0.064976
13.71740 906553 0.00007847988063 0.074723
13.74049 927723 0.00005739904297 0.055286
13.76357 949387 0.00004579883521 0.044625
13.78666 971557 -0.000003242276569 -0.003196
13.80974 994245 -0.00002979484202 -0.029709
13.83282 1017463 -0.00009024137783 -0.091026
13.85591 1041223 -0.0001263526353 -0.128931
13.87899 1065537 -0.0001137613120 -0.117430
13.90207 1090420 -0.00007427360233 -0.077559
13.92516 1115883 0.00002348998051 0.024814
13.94824 1141942 0.0001046017159 0.111779
13.97132 1168608 0.0001126973583 0.121828
13.99441 1195898 0.00005371053141 0.058736
14.01749 1223824 -0.000002316708741 -0.002563
14.04057 1252403 7.419573339e-7 0.000830
14.06366 1281649 0.00005287545458 0.059860
14.08674 1311579 0.00007068832162 0.080955
14.10983 1342207 0.00004835659065 0.056023
14.13291 1373550 -0.00003730048196 -0.043716
14.15599 1405625 -0.0001294998315 -0.153534
14.17908 1438449 -0.0001171898666 -0.140552
14.20216 1472040 -0.00005087979981 -0.061731
14.22524 1506415 -0.00003430581869 -0.042106
14.24833 1541593 0.00001377522668 0.017103
14.27141 1577593 0.00002269650795 0.028507
14.29449 1614433 0.00006151306944 0.078159
14.31758 1652133 0.00007509533308 0.096524
14.34066 1690714 0.00009738502184 0.126627
14.36374 1730195 0.00008005123802 0.105297
14.38683 1770599 0.00004562970571 0.060717
14.40991 1811946 0.000003757901257 0.005058
14.43300 1854259 -0.00003514154924 -0.047853
14.45608 1897559 -0.0001201159973 -0.165462
14.47916 1941871 -0.0001641506072 -0.228746
14.50225 1987218 -0.00008022518541 -0.113092
14.52533 2033624 -0.000005003589973 -0.007135
14.54841 2081113 0.00001390249617 0.020056
14.57150 2129711 -0.000001366217313 -0.001994
14.59458 2179444 0.00002342180838 0.034577
14.61766 2230339 0.00006527976112 0.097491
14.64075 2282422 0.00006797769661 0.102699
14.66383 2335721 0.00004104404339 0.062728
14.68691 2390265 0.00005303663517 0.081997
14.71000 2446082 0.00005582351469 0.087308
14.73308 2503203 0.00004268741856 0.067538
14.75617 2561658 -0.00002254826563 -0.036089
14.77925 2621478 -0.00007621601587 -0.123401
14.80233 2682695 -0.0001027228233 -0.168249
14.82542 2745342 -0.0001086001294 -0.179940
14.84850 2809451 -0.0001015653819 -0.170238
14.87158 2875058 -0.00006036828840 -0.102360
14.89467 2942196 0.00001995688099 0.034232
14.91775 3010902 0.00007762184581 0.134689
14.94083 3081213 0.0001004525550 0.176328
14.96392 3153166 0.00008325567149 0.147838
14.98700 3226799 0.00007145312450 0.128353
15.01008 3302151 0.00006325390874 0.114944
15.03317 3379263 0.000002110675338 0.003880
15.05625 3458176 -0.00002196884819 -0.040854
15.07934 3538931 -0.00005231696945 -0.098419
15.10242 3621572 -0.00005430455497 -0.103344
15.12550 3706144 -0.00004092388841 -0.078784
15.14859 3792690 -0.00004030426170 -0.078492
15.17167 3881257 -0.00006021316099 -0.118625
15.19475 3971892 -0.00004727403256 -0.094215
15.21784 4064644 -0.00001002103546 -0.020203
15.24092 4159562 0.00001094513571 0.022323
15.26400 4256696 0.00003481065742 0.071821
15.28709 4356099 0.00006819359566 0.142329
15.31017 4457822 0.00009276172636 0.195853
15.33325 4561922 0.00009254520892 0.197664
15.35634 4668452 0.00005024525205 0.108563
15.37942 4777470 -0.00002967123585 -0.064854
15.40251 4889034 -0.00006244239417 -0.138067
15.42559 5003202 -0.00006516058717 -0.145750
15.44867 5120037 -0.00006417024848 -0.145201
15.47176 5239601 -0.00007137933883 -0.163389
15.49484 5361956 -0.00004143392978 -0.095944
15.51792 5487169 -0.000008491847279 -0.019892
15.54101 5615306 -0.00001163813646 -0.027578
15.56409 5746434 9.697513221e-7 0.002325
15.58717 5880625 0.00002562464917 0.062140
15.61026 6017950 0.00004687754738 0.114998
15.63334 6158482 0.00003919116079 0.097258
15.65642 6302295 0.00003406016101 0.085506
15.67951 6449466 0.00002456594960 0.062387
15.70259 6600075 0.00001950580017 0.050112
15.72568 6754200 0.000007748714797 0.020138
15.74876 6911924 -0.000007329933563 -0.019271
15.77184 7073332 -0.00002677247004 -0.071203
15.79493 7238509 -0.00004941254748 -0.132942
15.81801 7407543 -0.00006704212774 -0.182467
15.84109 7580524 -0.00006407465245 -0.176415
15.86418 7757545 -0.00004510856983 -0.125638
15.88726 7938699 -0.000007744667744 -0.021821
15.91034 8124084 0.00002356490526 0.067167
15.93343 8313798 0.00006986485899 0.201446
15.95651 8507942 0.00006277896152 0.183116
15.97959 8706620 0.00003965936336 0.117023
16.00268 8909938 0.00003791319257 0.113169
16.02576 9118003 0.00001151245263 0.034763
16.04884 9330927 -0.00002712093681 -0.082845
16.07193 9548823 -0.00003255506783 -0.100599
16.09501 9771808 -0.00004155457855 -0.129899
16.11810 10000000 -0.00004760243304 -0.150532
