logY Y Sw sqrtY_times_Sw
6.90675 999 -0.005050252682 -0.159623
6.93049 1023 -0.006352333520 -0.203175
6.95368 1047 -0.004738525538 -0.153326
6.97635 1071 -0.003502743687 -0.114631
6.99942 1096 -0.003632989050 -0.120273
7.02287 1122 -0.004690402546 -0.157111
7.04578 1148 -0.005956472148 -0.201818
7.06902 1175 -0.005874567674 -0.201370
7.09174 1202 -0.005388197956 -0.186808
7.11477 1230 -0.004989948392 -0.175004
7.13807 1259 -0.004723028318 -0.167584
7.16162 1289 -0.003572130551 -0.128249
7.18463 1319 -0.003310556050 -0.120233
7.20712 1349 -0.0009111371040 -0.033465
7.23056 1381 0.001983652885 0.073716
7.25347 1413 0.002951588515 0.110950
7.27656 1446 0.003611639552 0.137337
7.29980 1480 0.004014086442 0.154425
7.32317 1515 0.003188299463 0.124098
7.34601 1550 0.0005190794858 0.020436
7.36897 1586 -0.001089351392 -0.043383
7.39203 1623 -0.0003732427805 -0.015037
7.41518 1661 -0.00005496683960 -0.002240
7.43838 1700 0.0001226869852 0.005059
7.46164 1740 0.0006697096508 0.027936
7.48437 1780 0.0006395839816 0.026984
7.50769 1822 0.00004042959843 0.001726
7.53048 1864 0.0005414995439 0.023379
7.55381 1908 0.001571024836 0.068623
7.57712 1953 0.002321889188 0.102611
7.59990 1998 0.002525513347 0.112888
7.62315 2045 0.002298794162 0.103955
7.64635 2093 0.002618937381 0.119815
7.66950 2142 0.002698696986 0.124900
7.69257 2192 0.002546295245 0.119214
7.71557 2243 0.001214178859 0.057504
7.73849 2295 0.001025393036 0.049123
7.76174 2349 0.0002743812346 0.013298
7.78489 2404 -0.001138970639 -0.055844
7.80792 2460 -0.001242420951 -0.061622
7.83082 2517 0.0007031816475 0.035278
7.85399 2576 0.001748993532 0.088769
7.87702 2636 0.002233086539 0.114651
7.90027 2698 0.001548388178 0.080427
7.92335 2761 0.0006521540733 0.034268
7.94626 2825 0.0007265567019 0.038617
7.96936 2891 0.001192425587 0.064114
7.99261 2959 0.001656127796 0.090088
8.01566 3028 0.001292860444 0.071143
8.03883 3099 0.0008943179042 0.049785
8.06180 3171 0.0001945731247 0.010957
8.08487 3245 0.0001707089184 0.009724
8.10802 3321 -0.0007004554461 -0.040366
8.13094 3398 -0.0009070968430 -0.052877
8.15421 3478 -0.00007131715583 -0.004206
8.17723 3559 -0.0006364482517 -0.037969
8.20029 3642 -0.001080450351 -0.065204
8.22336 3727 -0.0004914628698 -0.030003
8.24643 3814 -0.0002252458607 -0.013911
8.26950 3903 -0.0002249739585 -0.014055
8.29255 3994 -0.001117823628 -0.070644
8.31581 4088 -0.001292970839 -0.082669
8.33878 4183 -0.001256570102 -0.081270
8.36194 4281 -0.001329609427 -0.086995
8.38503 4381 -0.002533157050 -0.167667
8.40805 4483 -0.003624065144 -0.242650
8.43120 4588 -0.003800616689 -0.257434
8.45425 4695 -0.004062787972 -0.278383
8.47741 4805 -0.003903869942 -0.270609
8.50045 4917 -0.003553650107 -0.249187
8.52357 5032 -0.003024804215 -0.214569
8.54656 5149 -0.001690053223 -0.121272
8.56960 5269 -0.0004579344285 -0.033240
8.59267 5392 0.0001874003538 0.013761
8.61577 5518 0.0004047450906 0.030066
8.63888 5647 0.0004638997368 0.034860
8.66199 5779 0.0002038613557 0.015497
8.68508 5914 0.0005048776834 0.038826
8.70814 6052 0.001117225397 0.086914
8.73134 6194 0.001450496255 0.114157
8.75432 6338 0.002549747115 0.202989
8.77740 6486 0.002828270507 0.227777
8.80057 6638 0.002759769026 0.224849
8.82365 6793 0.002932280023 0.241678
8.84664 6951 0.002944566892 0.245496
8.86982 7114 0.002435597218 0.205429
8.89289 7280 0.001919728463 0.163797
8.91597 7450 0.001938334649 0.167304
8.93906 7624 0.001887779066 0.164832
8.96214 7802 0.001493969997 0.131961
8.98519 7984 0.001406126340 0.125642
9.00835 8171 0.001064958295 0.096265
9.03133 8361 0.0003635068354 0.033239
9.05450 8557 -0.0002062710053 -0.019081
9.07761 8757 -0.0002725534513 -0.025505
9.10064 8961 -0.0004548868398 -0.043061
9.12369 9170 -0.0006221706558 -0.059579
9.14676 9384 -0.0006260905883 -0.060650
9.16993 9604 -0.0002219758779 -0.021754
9.19299 9828 -0.0003116909345 -0.030900
9.21602 10057 -0.0005585743789 -0.056016
9.23912 10292 -0.0007816253615 -0.079295
9.26227 10533 -0.0004272132550 -0.043845
9.28536 10779 -0.0004046035472 -0.042007
9.30837 11030 -0.0005323734045 -0.055912
9.33150 11288 -0.0003994818788 -0.042443
9.35453 11551 -0.0001838796713 -0.019763
9.37763 11821 -0.0002164509600 -0.023534
9.40071 12097 0.0001176078598 0.012935
9.42384 12380 0.0003462793166 0.038529
9.44691 12669 0.0001949903034 0.021947
9.47001 12965 -0.0003449360264 -0.039276
9.49311 13268 -0.0007626690672 -0.087849
9.51613 13577 -0.001037847076 -0.120930
9.53921 13894 -0.001038211981 -0.122377
9.56233 14219 -0.001150689189 -0.137212
9.58541 14551 -0.001074094682 -0.129565
9.60851 14891 -0.001332985187 -0.162662
9.63161 15239 -0.001401771736 -0.173044
9.65464 15594 -0.001082827661 -0.135219
9.67778 15959 -0.0007567568171 -0.095600
9.70082 16331 0.00001848306530 0.002362
9.72394 16713 -0.00001743281640 -0.002254
9.74701 17103 -0.0003622285247 -0.047372
9.77007 17502 -0.0005276911315 -0.069811
9.79317 17911 -0.0004772123886 -0.063866
9.81624 18329 -0.0005453523731 -0.073832
9.83932 18757 -0.0003014695612 -0.041288
9.86241 19195 0.0003660954477 0.050721
9.88553 19644 0.0008937741594 0.125269
9.90857 20102 0.0007818473850 0.110852
9.93169 20572 0.0004998743747 0.071697
9.95475 21052 0.00005896554513 0.008555
9.97785 21544 -0.00006358944869 -0.009334
10.00093 22047 0.0002367610169 0.035155
10.02402 22562 0.0004621779869 0.069422
10.04711 23089 0.0008668038572 0.131711
10.07019 23628 0.001218580261 0.187313
10.09328 24180 0.001155153926 0.179626
10.11634 24744 0.0008086293626 0.127199
10.13943 25322 0.0004743364917 0.075481
10.16250 25913 0.0001268583524 0.020421
10.18562 26519 -0.0002102467571 -0.034238
10.20869 27138 -0.0004990586223 -0.082213
10.23178 27772 -0.0005539708912 -0.092319
10.25485 28420 -0.00006100878240 -0.010285
10.27794 29084 0.0006209677334 0.105900
10.30102 29763 0.0008637668952 0.149017
10.32410 30458 0.001026662529 0.179175
10.34718 31169 0.0009464218154 0.167088
10.37027 31897 0.001006156022 0.179697
10.39336 32642 0.0009489774378 0.171453
10.41643 33404 0.0007204891226 0.131682
10.43951 34184 0.0004137081003 0.076490
10.46262 34983 0.0001077916299 0.020161
10.48570 35800 0.0002948191851 0.055782
10.50879 36636 0.0004209790187 0.080578
10.53186 37491 0.0001827784348 0.035391
10.55495 38367 -0.00003294258624 -0.006453
10.57804 39263 -0.0004038612918 -0.080025
10.60112 40180 -0.0005818281716 -0.116627
10.62420 41118 -0.0005045836509 -0.102317
10.64728 42078 -0.0005725818749 -0.117453
10.67037 43061 -0.0005683631795 -0.117942
10.69344 44066 -0.0006555748439 -0.137618
10.71653 45095 -0.0008031635625 -0.170556
10.73961 46148 -0.0008653485335 -0.185895
10.76270 47226 -0.001045119105 -0.227121
10.78579 48329 -0.001114736970 -0.245062
10.80886 49457 -0.001002851632 -0.223023
10.83194 50612 -0.0009309625260 -0.209440
10.85503 51794 -0.0005591331200 -0.127249
10.87812 53004 -0.0003539085125 -0.081479
10.90121 54242 -0.0001575027837 -0.036682
10.92428 55508 -0.00004674189761 -0.011012
10.94736 56804 -0.00004346252752 -0.010359
10.97045 58131 -0.0001249852707 -0.030134
10.99353 59488 0.00005441507683 0.013272
11.01663 60878 -0.000002042305229 -0.000504
11.03970 62299 -0.0002485904896 -0.062048
11.06279 63754 -0.0004561524090 -0.115176
11.08587 65243 -0.0005540927408 -0.141530
11.10895 66766 -0.00004038607150 -0.010435
11.13205 68326 0.0003067805639 0.080190
11.15512 69921 0.0003389948156 0.089639
11.17821 71554 0.0004514015249 0.120748
11.20129 73225 0.0005864847754 0.158703
11.22438 74935 0.0006513705144 0.178308
11.24746 76685 0.0005634923537 0.156043
11.27054 78475 0.0004317852143 0.120958
11.29362 80308 0.0004438287026 0.125775
11.31670 82183 0.0003743828903 0.107327
11.33980 84103 0.0004074237115 0.118155
11.36288 86067 0.0005571453485 0.163451
11.38596 88076 0.0004890560271 0.145140
11.40904 90133 0.0004407721351 0.132329
11.43213 92238 0.0004365634872 0.132587
11.45521 94392 0.0003299504267 0.101372
11.47829 96596 0.0002386507962 0.074172
11.50138 98852 0.0002019331774 0.063489
11.52446 101160 0.0002708363240 0.086141
11.54755 103523 0.0003793124394 0.122044
11.57063 105940 0.0001913993232 0.062297
11.59371 108414 -0.00003566479310 -0.011743
11.61680 110946 -0.00008078452726 -0.026908
11.63988 113537 -0.00002285106920 -0.007700
11.66296 116188 -0.00009653897319 -0.032907
11.68605 118901 -0.0003232296000 -0.111456
11.70913 121678 -0.0005005481061 -0.174603
11.73221 124519 -0.0004991394476 -0.176133
11.75530 127427 -0.0004365249952 -0.155826
11.77838 130403 -0.0003010696207 -0.108720
11.80147 133448 -0.0001956940015 -0.071488
11.82455 136564 -0.00006615944416 -0.024449
11.84763 139753 0.00004688692093 0.017528
11.87072 143017 0.00003584230459 0.013555
11.89380 146357 -0.00005749657861 -0.021996
11.91688 149774 -0.0001188212756 -0.045985
11.93997 153272 -0.0001222820973 -0.047873
11.96305 156851 -0.00005251431018 -0.020798
11.98614 160514 -0.00002077492182 -0.008323
12.00922 164262 -0.00002964989502 -0.012017
12.03230 168098 -0.000009248975005 -0.003792
12.05538 172023 0.00004360429922 0.018085
12.07847 176041 -0.00005994412398 -0.025151
12.10156 180152 -0.00006867893287 -0.029150
12.12463 184358 -0.00006169837279 -0.026491
12.14772 188664 -0.00003745892568 -0.016270
12.17080 193069 -0.00004254405341 -0.018694
12.19389 197578 -0.0001756364136 -0.078070
12.21697 202192 -0.0002564541303 -0.115317
12.24005 206913 -0.0003290584052 -0.149681
12.26314 211745 -0.0003472770270 -0.159802
12.28622 216690 -0.0004034696196 -0.187815
12.30931 221750 -0.0003994646469 -0.188109
12.33239 226928 -0.0004471359413 -0.213002
12.35547 232228 -0.0004205272711 -0.202652
12.37856 237651 -0.0002184595995 -0.106498
12.40164 243200 0.00001265887518 0.006243
12.42472 248879 0.0001809631166 0.090278
12.44781 254691 0.0002617065500 0.132075
12.47089 260639 0.0003050297251 0.155726
12.49397 266725 0.0002832862870 0.146304
12.51706 272954 0.0002986327228 0.156021
12.54014 279328 0.0002743792377 0.145014
12.56323 285851 0.0001949983184 0.104256
12.58631 292526 0.0001416171862 0.076595
12.60939 299357 0.0002481734278 0.135784
12.63248 306348 0.0003670640570 0.203165
12.65556 313502 0.0003604857432 0.201840
12.67864 320823 0.0003859221346 0.218591
12.70173 328315 0.0003828612372 0.219375
12.72481 335981 0.0003376237186 0.195700
12.74789 343827 0.0003505660935 0.205561
12.77098 351856 0.0003654179609 0.216757
12.79406 360073 0.0002756276730 0.165393
12.81714 368481 0.0001336440428 0.081125
12.84023 377086 0.00002203771274 0.013533
12.86331 385892 -0.00002155909136 -0.013393
12.88640 394903 -0.00009325209958 -0.058601
12.90948 404125 -0.0001334615001 -0.084843
12.93256 413562 -0.0001714058553 -0.110229
12.95565 423220 -0.0002090288189 -0.135984
12.97873 433103 -0.0001689971440 -0.111218
13.00181 443217 -0.00009685170595 -0.064479
13.02490 453567 -0.00007059083069 -0.047541
13.04798 464158 -0.0001169108910 -0.079650
13.07106 474997 -0.0001291711895 -0.089025
13.09415 486090 -0.0001071841488 -0.074729
13.11723 497441 -0.0001318093609 -0.092964
13.14032 509057 -0.0001834821616 -0.130911
13.16340 520945 -0.0001724375145 -0.124459
13.18648 533110 -0.0001405218461 -0.102601
13.20957 545559 -0.0001436790994 -0.106124
13.23265 558299 -0.00009393965372 -0.070191
13.25573 571336 -0.0001195889318 -0.090393
13.27882 584678 -0.0001761364956 -0.134681
13.30190 598332 -0.0001742589469 -0.134793
13.32498 612304 -0.0001474570240 -0.115385
13.34807 626603 -0.0001273726899 -0.100826
13.37115 641235 -0.00009092971982 -0.072814
13.39423 656209 -0.0001013852197 -0.082129
13.41732 671533 -0.0001286191275 -0.105400
13.44040 687215 -0.0001409302603 -0.116829
13.46349 703263 -0.0001473101322 -0.123535
13.48657 719685 -0.00008027066286 -0.068097
13.50965 736491 -0.00001407614705 -0.012080
13.53274 753690 0.00003899062437 0.033850
13.55582 771290 0.00008563626412 0.075208
13.57890 789301 0.0001128828322 0.100288
13.60199 807733 0.0001943319368 0.174654
13.62507 826595 0.0002043523423 0.185792
13.64815 845898 0.0001687846561 0.155236
13.67124 865652 0.0001570608436 0.146130
13.69432 885866 0.0001454069029 0.136858
13.71740 906553 0.00008944800288 0.085166
13.74049 927723 0.00008427246218 0.081170
13.76357 949387 0.0001036338254 0.100977
13.78666 971557 0.00005623319584 0.055428
13.80974 994245 0.000004249168978 0.004237
13.83282 1017463 -0.00001367234864 -0.013791
13.85591 1041223 -0.000002162096907 -0.002206
13.87899 1065537 0.000008809794834 0.009094
13.90207 1090420 0.00006092987426 0.063625
13.92516 1115883 0.00007898102764 0.083432
13.94824 1141942 0.0001162080883 0.124182
13.97132 1168608 0.0001376326032 0.148784
13.99441 1195898 0.00007501893885 0.082039
14.01749 1223824 0.00003358609721 0.037155
14.04057 1252403 0.00003578212571 0.040044
14.06366 1281649 0.00003142103142 0.035572
14.08674 1311579 -0.00002013403362 -0.023058
14.10983 1342207 -0.00002077673273 -0.024071
14.13291 1373550 0.000008123327469 0.009520
14.15599 1405625 0.00003100616017 0.036761
14.17908 1438449 0.00003223759490 0.038664
14.20216 1472040 0.00001951294764 0.023675
14.22524 1506415 0.00001176977210 0.014446
14.24833 1541593 0.00001846342851 0.022924
14.27141 1577593 0.00001516665718 0.019050
14.29449 1614433 -0.00002117729680 -0.026908
14.31758 1652133 -0.00005667481568 -0.072847
14.34066 1690714 -0.00008261970558 -0.107428
14.36374 1730195 -0.00008465842189 -0.111357
14.38683 1770599 -0.00005575878205 -0.074195
14.40991 1811946 -0.00005745363618 -0.077338
14.43300 1854259 -0.00008115669966 -0.110512
14.45608 1897559 -0.0001006255109 -0.138614
14.47916 1941871 -0.00007980827080 -0.111214
14.50225 1987218 -0.00005639749024 -0.079503
14.52533 2033624 -0.00005857755198 -0.083535
14.54841 2081113 -0.00006759219516 -0.097509
14.57150 2129711 -0.00005720561757 -0.083483
14.59458 2179444 -0.00005547052175 -0.081891
14.61766 2230339 -0.00006443439433 -0.096228
14.64075 2282422 -0.00003838266537 -0.057987
14.66383 2335721 -0.00002502005097 -0.038238
14.68691 2390265 -0.00005152612132 -0.079662
14.71000 2446082 -0.00005098149148 -0.079735
14.73308 2503203 -0.00003500350643 -0.055381
14.75617 2561658 -0.00005558270625 -0.088961
14.77925 2621478 -0.00006344862419 -0.102730
14.80233 2682695 -0.00004591842684 -0.075209
14.82542 2745342 -0.000003788704866 -0.006278
14.84850 2809451 0.00002788313295 0.046736
14.87158 2875058 0.00001393359319 0.023626
14.89467 2942196 -4.835486215e-8 -0.000083
14.91775 3010902 0.000002927692267 0.005080
14.94083 3081213 -0.00002418856062 -0.042459
14.96392 3153166 -0.000004623726246 -0.008210
14.98700 3226799 0.00002864907993 0.051463
15.01008 3302151 0.00005795920389 0.105322
15.03317 3379263 0.0001018660608 0.187258
15.05625 3458176 0.0001245783989 0.231668
15.07934 3538931 0.0001430580429 0.269121
15.10242 3621572 0.0001363726907 0.259523
15.12550 3706144 0.0001276902077 0.245821
15.14859 3792690 0.0001018152702 0.198284
15.17167 3881257 0.00007584052117 0.149413
15.19475 3971892 0.00007974971708 0.158938
15.21784 4064644 0.00008355992112 0.168465
15.24092 4159562 0.00007125986225 0.145335
15.26400 4256696 0.00004931630131 0.101748
15.28709 4356099 0.00003079776299 0.064279
15.31017 4457822 0.00002070827517 0.043723
15.33325 4561922 0.000005208722273 0.011125
15.35634 4668452 0.000003238604411 0.006998
15.37942 4777470 -0.00001352588259 -0.029564
15.40251 4889034 -0.00002310543333 -0.051089
15.42559 5003202 -0.00003568933730 -0.079829
15.44867 5120037 -0.00004878220423 -0.110382
15.47176 5239601 -0.00007840008303 -0.179459
15.49484 5361956 -0.00007769051784 -0.179899
15.51792 5487169 -0.00006571912881 -0.153945
15.54101 5615306 -0.00007220053738 -0.171091
15.56409 5746434 -0.00008898399031 -0.213310
15.58717 5880625 -0.00008045213142 -0.195096
15.61026 6017950 -0.00007267247451 -0.178277
15.63334 6158482 -0.00006899663613 -0.171224
15.65642 6302295 -0.00006288891047 -0.157879
15.67951 6449466 -0.00004889034177 -0.124161
15.70259 6600075 -0.00003312201901 -0.085092
15.72568 6754200 -0.00002434662374 -0.063274
15.74876 6911924 -0.00001267303725 -0.033318
15.77184 7073332 -0.000004421254756 -0.011759
15.79493 7238509 0.000009403164179 0.025299
15.81801 7407543 0.00001120467675 0.030496
15.84109 7580524 1.394252808e-7 0.000384
15.86418 7757545 -0.00001108352302 -0.030870
15.88726 7938699 -2.970939888e-7 -0.000837
15.91034 8124084 0.000002501715879 0.007131
15.93343 8313798 -0.000001629682034 -0.004699
15.95651 8507942 -0.000006081020162 -0.017737
15.97959 8706620 -0.00001196778097 -0.035313
16.00268 8909938 -0.00001874572930 -0.055955
16.02576 9118003 -0.00001356393903 -0.040958
16.04884 9330927 0.000001874859622 0.005727
16.07193 9548823 0.00002177943858 0.067301
16.09501 9771808 0.00003655105376 0.114258
16.11810 10000000 0.00002752494775 0.087042
