om power
0.50 1.6176e-5
0.52 1.4819e-5
0.54 1.3505e-5
0.56 1.2246e-5
0.58 1.1052e-5
0.60 9.9369e-6
0.62 8.9107e-6
0.64 7.9853e-6
0.66 7.1717e-6
0.68 6.4806e-6
0.70 5.9218e-6
0.72 5.5048e-6
0.74 5.2376e-6
0.76 5.1278e-6
0.78 5.1815e-6
0.80 5.4035e-6
0.82 5.7972e-6
0.84 6.3646e-6
0.86 7.1060e-6
0.88 8.0200e-6
0.90 9.1033e-6
0.92 1.0351e-5
0.94 1.1756e-5
0.96 1.3310e-5
0.98 1.5002e-5
1.00 1.6819e-5
1.02 1.8748e-5
1.04 2.0773e-5
1.06 2.2875e-5
1.08 2.5037e-5
1.10 2.7238e-5
1.12 2.9457e-5
1.14 3.1671e-5
1.16 3.3858e-5
1.18 3.5996e-5
1.20 3.8059e-5
1.22 4.0026e-5
1.24 4.1873e-5
1.26 4.3578e-5
1.28 4.5121e-5
1.30 4.6481e-5
1.32 4.7639e-5
1.34 4.8581e-5
1.36 4.9290e-5
1.38 4.9755e-5
1.40 4.9967e-5
1.42 4.9919e-5
1.44 4.9608e-5
1.46 4.9033e-5
1.48 4.8196e-5
1.50 4.7105e-5
1.52 4.5769e-5
1.54 4.4201e-5
1.56 4.2416e-5
1.58 4.0436e-5
1.60 3.8283e-5
1.62 3.5982e-5
1.64 3.3563e-5
1.66 3.1058e-5
1.68 2.8499e-5
1.70 2.5924e-5
1.72 2.3368e-5
1.74 2.0872e-5
1.76 1.8475e-5
1.78 1.6217e-5
1.80 1.4139e-5
1.82 1.2281e-5
1.84 1.0681e-5
1.86 9.3788e-6
1.88 8.4095e-6
1.90 7.8076e-6
1.92 7.6045e-6
1.94 7.8291e-6
1.96 8.5064e-6
1.98 9.6583e-6
2.00 1.1302e-5
2.02 1.3452e-5
2.04 1.6116e-5
2.06 1.9299e-5
2.08 2.3001e-5
2.10 2.7215e-5
2.12 3.1932e-5
2.14 3.7137e-5
2.16 4.2809e-5
2.18 4.8925e-5
2.20 5.5454e-5
2.22 6.2364e-5
2.24 6.9618e-5
2.26 7.7174e-5
2.28 8.4988e-5
2.30 9.3013e-5
2.32 1.0120e-4
2.34 1.0949e-4
2.36 1.1785e-4
2.38 1.2620e-4
2.40 1.3450e-4
2.42 1.4269e-4
2.44 1.5072e-4
2.46 1.5853e-4
2.48 1.6607e-4
2.50 1.7329e-4
2.52 1.8015e-4
2.54 1.8659e-4
2.56 1.9258e-4
2.58 1.9808e-4
2.60 2.0305e-4
2.62 2.0746e-4
2.64 2.1129e-4
2.66 2.1451e-4
2.68 2.1711e-4
2.70 2.1908e-4
2.72 2.2040e-4
2.74 2.2108e-4
2.76 2.2111e-4
2.78 2.2051e-4
2.80 2.1928e-4
2.82 2.1744e-4
2.84 2.1501e-4
2.86 2.1202e-4
2.88 2.0848e-4
2.90 2.0443e-4
2.92 1.9991e-4
2.94 1.9494e-4
2.96 1.8956e-4
2.98 1.8382e-4
3.00 1.7775e-4
3.02 1.7140e-4
3.04 1.6480e-4
3.06 1.5800e-4
3.08 1.5105e-4
3.10 1.4397e-4
3.12 1.3682e-4
3.14 1.2963e-4
3.16 1.2245e-4
3.18 1.1530e-4
3.20 1.0822e-4
3.22 1.0124e-4
3.24 9.4396e-5
3.26 8.7713e-5
3.28 8.1216e-5
3.30 7.4927e-5
3.32 6.8866e-5
3.34 6.3050e-5
3.36 5.7492e-5
3.38 5.2205e-5
3.40 4.7198e-5
3.42 4.2477e-5
3.44 3.8046e-5
3.46 3.3907e-5
3.48 3.0060e-5
3.50 2.6503e-5
3.52 2.3230e-5
3.54 2.0238e-5
3.56 1.7518e-5
3.58 1.5062e-5
3.60 1.2860e-5
3.62 1.0901e-5
3.64 9.1742e-6
3.66 7.6677e-6
3.68 6.3687e-6
3.70 5.2647e-6
3.72 4.3426e-6
3.74 3.5897e-6
3.76 2.9933e-6
3.78 2.5407e-6
3.80 2.2199e-6
3.82 2.0192e-6
3.84 1.9272e-6
3.86 1.9333e-6
3.88 2.0273e-6
3.90 2.1999e-6
3.92 2.4423e-6
3.94 2.7463e-6
3.96 3.1045e-6
3.98 3.5101e-6
4.00 3.9570e-6
4.02 4.4397e-6
4.04 4.9533e-6
4.06 5.4934e-6
4.08 6.0563e-6
4.10 6.6386e-6
4.12 7.2375e-6
4.14 7.8503e-6
4.16 8.4750e-6
4.18 9.1096e-6
4.20 9.7526e-6
4.22 1.0402e-5
4.24 1.1058e-5
4.26 1.1717e-5
4.28 1.2380e-5
4.30 1.3045e-5
4.32 1.3711e-5
4.34 1.4377e-5
4.36 1.5042e-5
4.38 1.5705e-5
4.40 1.6363e-5
4.42 1.7017e-5
4.44 1.7664e-5
4.46 1.8303e-5
4.48 1.8932e-5
4.50 1.9549e-5
4.52 2.0153e-5
4.54 2.0741e-5
4.56 2.1312e-5
4.58 2.1863e-5
4.60 2.2392e-5
4.62 2.2898e-5
4.64 2.3377e-5
4.66 2.3828e-5
4.68 2.4249e-5
4.70 2.4637e-5
4.72 2.4991e-5
4.74 2.5308e-5
4.76 2.5587e-5
4.78 2.5827e-5
4.80 2.6025e-5
4.82 2.6181e-5
4.84 2.6292e-5
4.86 2.6359e-5
4.88 2.6380e-5
4.90 2.6355e-5
4.92 2.6284e-5
4.94 2.6166e-5
4.96 2.6001e-5
4.98 2.5790e-5
5.00 2.5533e-5
5.02 2.5232e-5
5.04 2.4886e-5
5.06 2.4498e-5
5.08 2.4068e-5
5.10 2.3599e-5
5.12 2.3092e-5
5.14 2.2550e-5
5.16 2.1974e-5
5.18 2.1366e-5
5.20 2.0730e-5
5.22 2.0068e-5
5.24 1.9383e-5
5.26 1.8677e-5
5.28 1.7954e-5
5.30 1.7216e-5
5.32 1.6466e-5
5.34 1.5708e-5
5.36 1.4944e-5
5.38 1.4178e-5
5.40 1.3412e-5
5.42 1.2649e-5
5.44 1.1893e-5
5.46 1.1145e-5
5.48 1.0408e-5
5.50 9.6860e-6
5.52 8.9799e-6
5.54 8.2923e-6
5.56 7.6254e-6
5.58 6.9811e-6
5.60 6.3611e-6
5.62 5.7670e-6
5.64 5.2001e-6
5.66 4.6616e-6
5.68 4.1525e-6
5.70 3.6735e-6
5.72 3.2254e-6
5.74 2.8084e-6
5.76 2.4228e-6
5.78 2.0685e-6
5.80 1.7456e-6
5.82 1.4535e-6
5.84 1.1919e-6
5.86 9.6003e-7
5.88 7.5712e-7
5.90 5.8223e-7
5.92 4.3430e-7
5.94 3.1216e-7
5.96 2.1452e-7
5.98 1.4001e-7
6.00 8.7191e-8
6.02 5.4556e-8
6.04 4.0545e-8
6.06 4.3563e-8
6.08 6.1990e-8
6.10 9.4193e-8
6.12 1.3854e-7
6.14 1.9340e-7
6.16 2.5718e-7
6.18 3.2830e-7
6.20 4.0525e-7
6.22 4.8653e-7
6.24 5.7073e-7
6.26 6.5650e-7
6.28 7.4255e-7
6.30 8.2768e-7
6.32 9.1077e-7
6.34 9.9079e-7
6.36 1.0668e-6
6.38 1.1379e-6
6.40 1.2034e-6
6.42 1.2626e-6
6.44 1.3150e-6
6.46 1.3601e-6
6.48 1.3975e-6
6.50 1.4270e-6
6.52 1.4483e-6
6.54 1.4614e-6
6.56 1.4663e-6
6.58 1.4631e-6
6.60 1.4519e-6
6.62 1.4330e-6
6.64 1.4068e-6
6.66 1.3736e-6
6.68 1.3339e-6
6.70 1.2883e-6
6.72 1.2373e-6
6.74 1.1816e-6
6.76 1.1220e-6
6.78 1.0591e-6
6.80 9.9387e-7
6.82 9.2710e-7
6.84 8.5968e-7
6.86 7.9253e-7
6.88 7.2661e-7
6.90 6.6288e-7
6.92 6.0235e-7
6.94 5.4602e-7
6.96 4.9489e-7
6.98 4.4999e-7
7.00 4.1233e-7
7.02 3.8291e-7
7.04 3.6272e-7
7.06 3.5273e-7
7.08 3.5388e-7
7.10 3.6708e-7
7.12 3.9319e-7
7.14 4.3304e-7
7.16 4.8738e-7
7.18 5.5693e-7
7.20 6.4231e-7
7.22 7.4410e-7
7.24 8.6277e-7
7.26 9.9872e-7
7.28 1.1522e-6
7.30 1.3236e-6
7.32 1.5128e-6
7.34 1.7198e-6
7.36 1.9447e-6
7.38 2.1870e-6
7.40 2.4465e-6
7.42 2.7227e-6
7.44 3.0150e-6
7.46 3.3226e-6
7.48 3.6448e-6
7.50 3.9805e-6
7.52 4.3288e-6
7.54 4.6883e-6
7.56 5.0578e-6
7.58 5.4359e-6
7.60 5.8212e-6
7.62 6.2120e-6
7.64 6.6067e-6
7.66 7.0035e-6
7.68 7.4007e-6
7.70 7.7965e-6
7.72 8.1890e-6
7.74 8.5764e-6
7.76 8.9567e-6
7.78 9.3280e-6
7.80 9.6887e-6
7.82 1.0037e-5
7.84 1.0370e-5
7.86 1.0688e-5
7.88 1.0988e-5
7.90 1.1268e-5
7.92 1.1528e-5
7.94 1.1766e-5
7.96 1.1981e-5
7.98 1.2171e-5
8.00 1.2336e-5
8.02 1.2475e-5
8.04 1.2586e-5
8.06 1.2671e-5
8.08 1.2728e-5
8.10 1.2757e-5
8.12 1.2758e-5
8.14 1.2732e-5
8.16 1.2678e-5
8.18 1.2597e-5
8.20 1.2490e-5
8.22 1.2357e-5
8.24 1.2199e-5
8.26 1.2017e-5
8.28 1.1813e-5
8.30 1.1587e-5
8.32 1.1341e-5
8.34 1.1077e-5
8.36 1.0795e-5
8.38 1.0497e-5
8.40 1.0186e-5
8.42 9.8617e-6
8.44 9.5268e-6
8.46 9.1827e-6
8.48 8.8310e-6
8.50 8.4736e-6
8.52 8.1119e-6
8.54 7.7476e-6
8.56 7.3823e-6
8.58 7.0174e-6
8.60 6.6544e-6
8.62 6.2946e-6
8.64 5.9394e-6
8.66 5.5901e-6
8.68 5.2476e-6
8.70 4.9131e-6
8.72 4.5876e-6
8.74 4.2719e-6
8.76 3.9669e-6
8.78 3.6732e-6
8.80 3.3914e-6
8.82 3.1221e-6
8.84 2.8657e-6
8.86 2.6225e-6
8.88 2.3929e-6
8.90 2.1771e-6
8.92 1.9751e-6
8.94 1.7871e-6
8.96 1.6131e-6
8.98 1.4530e-6
9.00 1.3067e-6
9.02 1.1742e-6
9.04 1.0552e-6
9.06 9.4949e-7
9.08 8.5692e-7
9.10 7.7718e-7
9.12 7.0998e-7
9.14 6.5503e-7
9.16 6.1200e-7
9.18 5.8056e-7
9.20 5.6037e-7
9.22 5.5109e-7
9.24 5.5236e-7
9.26 5.6384e-7
9.28 5.8515e-7
9.30 6.1595e-7
9.32 6.5588e-7
9.34 7.0456e-7
9.36 7.6164e-7
9.38 8.2677e-7
9.40 8.9956e-7
9.42 9.7967e-7
9.44 1.0667e-6
9.46 1.1603e-6
9.48 1.2602e-6
9.50 1.3658e-6
9.52 1.4769e-6
9.54 1.5930e-6
9.56 1.7138e-6
9.58 1.8389e-6
9.60 1.9678e-6
9.62 2.1002e-6
9.64 2.2355e-6
9.66 2.3735e-6
9.68 2.5137e-6
9.70 2.6556e-6
9.72 2.7988e-6
9.74 2.9428e-6
9.76 3.0872e-6
9.78 3.2316e-6
9.80 3.3755e-6
9.82 3.5185e-6
9.84 3.6601e-6
9.86 3.7998e-6
9.88 3.9373e-6
9.90 4.0721e-6
9.92 4.2037e-6
9.94 4.3318e-6
9.96 4.4560e-6
9.98 4.5759e-6
10.00 4.6911e-6
10.02 4.8012e-6
10.04 4.9060e-6
10.06 5.0051e-6
10.08 5.0983e-6
10.10 5.1852e-6
10.12 5.2655e-6
10.14 5.3392e-6
10.16 5.4060e-6
10.18 5.4657e-6
10.20 5.5182e-6
10.22 5.5634e-6
10.24 5.6012e-6
10.26 5.6316e-6
10.28 5.6545e-6
10.30 5.6700e-6
10.32 5.6780e-6
10.34 5.6787e-6
10.36 5.6721e-6
10.38 5.6585e-6
10.40 5.6379e-6
10.42 5.6105e-6
10.44 5.5766e-6
10.46 5.5363e-6
10.48 5.4901e-6
10.50 5.4380e-6
10.52 5.3806e-6
10.54 5.3181e-6
10.56 5.2508e-6
10.58 5.1791e-6
10.60 5.1036e-6
10.62 5.0244e-6
10.64 4.9421e-6
10.66 4.8572e-6
10.68 4.7700e-6
10.70 4.6810e-6
10.72 4.5907e-6
10.74 4.4995e-6
10.76 4.4080e-6
10.78 4.3165e-6
10.80 4.2255e-6
10.82 4.1355e-6
10.84 4.0470e-6
10.86 3.9603e-6
10.88 3.8759e-6
10.90 3.7942e-6
10.92 3.7156e-6
10.94 3.6404e-6
10.96 3.5691e-6
10.98 3.5018e-6
11.00 3.4390e-6
11.02 3.3808e-6
11.04 3.3276e-6
11.06 3.2794e-6
11.08 3.2365e-6
11.10 3.1991e-6
11.12 3.1671e-6
11.14 3.1406e-6
11.16 3.1197e-6
11.18 3.1043e-6
11.20 3.0944e-6
11.22 3.0898e-6
11.24 3.0905e-6
11.26 3.0961e-6
11.28 3.1065e-6
11.30 3.1214e-6
11.32 3.1406e-6
11.34 3.1636e-6
11.36 3.1901e-6
11.38 3.2196e-6
11.40 3.2519e-6
11.42 3.2863e-6
11.44 3.3224e-6
11.46 3.3597e-6
11.48 3.3977e-6
11.50 3.4359e-6
11.52 3.4737e-6
11.54 3.5105e-6
11.56 3.5458e-6
11.58 3.5792e-6
11.60 3.6100e-6
11.62 3.6377e-6
11.64 3.6618e-6
11.66 3.6819e-6
11.68 3.6975e-6
11.70 3.7082e-6
11.72 3.7136e-6
11.74 3.7133e-6
11.76 3.7071e-6
11.78 3.6946e-6
11.80 3.6757e-6
11.82 3.6502e-6
11.84 3.6179e-6
11.86 3.5789e-6
11.88 3.5331e-6
11.90 3.4806e-6
11.92 3.4214e-6
11.94 3.3557e-6
11.96 3.2837e-6
11.98 3.2057e-6
12.00 3.1219e-6
12.02 3.0328e-6
12.04 2.9387e-6
12.06 2.8401e-6
12.08 2.7374e-6
12.10 2.6311e-6
12.12 2.5218e-6
12.14 2.4099e-6
12.16 2.2961e-6
12.18 2.1810e-6
12.20 2.0651e-6
12.22 1.9491e-6
12.24 1.8334e-6
12.26 1.7187e-6
12.28 1.6055e-6
12.30 1.4944e-6
12.32 1.3859e-6
12.34 1.2804e-6
12.36 1.1785e-6
12.38 1.0805e-6
12.40 9.8692e-7
12.42 8.9796e-7
12.44 8.1398e-7
12.46 7.3521e-7
12.48 6.6188e-7
12.50 5.9414e-7
12.52 5.3210e-7
12.54 4.7584e-7
12.56 4.2537e-7
12.58 3.8067e-7
12.60 3.4168e-7
12.62 3.0830e-7
12.64 2.8038e-7
12.66 2.5776e-7
12.68 2.4022e-7
12.70 2.2754e-7
12.72 2.1946e-7
12.74 2.1571e-7
12.76 2.1598e-7
12.78 2.1999e-7
12.80 2.2741e-7
12.82 2.3792e-7
12.84 2.5122e-7
12.86 2.6697e-7
12.88 2.8486e-7
12.90 3.0459e-7
12.92 3.2587e-7
12.94 3.4840e-7
12.96 3.7192e-7
12.98 3.9618e-7
13.00 4.2093e-7
13.02 4.4596e-7
13.04 4.7106e-7
13.06 4.9606e-7
13.08 5.2078e-7
13.10 5.4507e-7
13.12 5.6881e-7
13.14 5.9188e-7
13.16 6.1418e-7
13.18 6.3562e-7
13.20 6.5612e-7
13.22 6.7562e-7
13.24 6.9407e-7
13.26 7.1141e-7
13.28 7.2761e-7
13.30 7.4262e-7
13.32 7.5642e-7
13.34 7.6897e-7
13.36 7.8024e-7
13.38 7.9019e-7
13.40 7.9881e-7
13.42 8.0605e-7
13.44 8.1189e-7
13.46 8.1630e-7
13.48 8.1922e-7
13.50 8.2065e-7
13.52 8.2052e-7
13.54 8.1883e-7
13.56 8.1552e-7
13.58 8.1059e-7
13.60 8.0399e-7
13.62 7.9571e-7
13.64 7.8574e-7
13.66 7.7407e-7
13.68 7.6071e-7
13.70 7.4568e-7
13.72 7.2899e-7
13.74 7.1070e-7
13.76 6.9085e-7
13.78 6.6951e-7
13.80 6.4677e-7
13.82 6.2272e-7
13.84 5.9748e-7
13.86 5.7118e-7
13.88 5.4395e-7
13.90 5.1597e-7
13.92 4.8740e-7
13.94 4.5843e-7
13.96 4.2926e-7
13.98 4.0009e-7
14.00 3.7113e-7
14.02 3.4261e-7
14.04 3.1476e-7
14.06 2.8779e-7
14.08 2.6194e-7
14.10 2.3742e-7
14.12 2.1447e-7
14.14 1.9328e-7
14.16 1.7407e-7
14.18 1.5701e-7
14.20 1.4229e-7
14.22 1.3006e-7
14.24 1.2046e-7
14.26 1.1361e-7
14.28 1.0960e-7
14.30 1.0852e-7
14.32 1.1040e-7
14.34 1.1528e-7
14.36 1.2314e-7
14.38 1.3397e-7
14.40 1.4771e-7
14.42 1.6427e-7
14.44 1.8355e-7
14.46 2.0542e-7
14.48 2.2972e-7
14.50 2.5628e-7
14.52 2.8491e-7
14.54 3.1537e-7
14.56 3.4745e-7
14.58 3.8090e-7
14.60 4.1544e-7
14.62 4.5082e-7
14.64 4.8676e-7
14.66 5.2297e-7
14.68 5.5918e-7
14.70 5.9508e-7
14.72 6.3041e-7
14.74 6.6489e-7
14.76 6.9826e-7
14.78 7.3024e-7
14.80 7.6061e-7
14.82 7.8912e-7
14.84 8.1557e-7
14.86 8.3977e-7
14.88 8.6153e-7
14.90 8.8071e-7
14.92 8.9718e-7
14.94 9.1082e-7
14.96 9.2156e-7
14.98 9.2933e-7
15.00 9.3411e-7
15.02 9.3588e-7
15.04 9.3466e-7
15.06 9.3050e-7
15.08 9.2344e-7
15.10 9.1358e-7
15.12 9.0103e-7
15.14 8.8592e-7
15.16 8.6838e-7
15.18 8.4858e-7
15.20 8.2671e-7
15.22 8.0295e-7
15.24 7.7752e-7
15.26 7.5062e-7
15.28 7.2249e-7
15.30 6.9335e-7
15.32 6.6345e-7
15.34 6.3301e-7
15.36 6.0228e-7
15.38 5.7151e-7
15.40 5.4092e-7
15.42 5.1074e-7
15.44 4.8122e-7
15.46 4.5255e-7
15.48 4.2496e-7
15.50 3.9865e-7
15.52 3.7379e-7
15.54 3.5057e-7
15.56 3.2915e-7
15.58 3.0968e-7
15.60 2.9229e-7
15.62 2.7710e-7
15.64 2.6421e-7
15.66 2.5370e-7
15.68 2.4566e-7
15.70 2.4012e-7
15.72 2.3714e-7
15.74 2.3672e-7
15.76 2.3889e-7
15.78 2.4362e-7
15.80 2.5090e-7
15.82 2.6069e-7
15.84 2.7294e-7
15.86 2.8758e-7
15.88 3.0454e-7
15.90 3.2374e-7
15.92 3.4508e-7
15.94 3.6846e-7
15.96 3.9376e-7
15.98 4.2086e-7
16.00 4.4964e-7
16.02 4.7996e-7
16.04 5.1169e-7
16.06 5.4470e-7
16.08 5.7884e-7
16.10 6.1396e-7
16.12 6.4993e-7
16.14 6.8660e-7
16.16 7.2384e-7
16.18 7.6150e-7
16.20 7.9944e-7
16.22 8.3753e-7
16.24 8.7565e-7
16.26 9.1366e-7
16.28 9.5144e-7
16.30 9.8889e-7
16.32 1.0259e-6
16.34 1.0624e-6
16.36 1.0982e-6
16.38 1.1332e-6
16.40 1.1675e-6
16.42 1.2008e-6
16.44 1.2332e-6
16.46 1.2646e-6
16.48 1.2949e-6
16.50 1.3241e-6
16.52 1.3521e-6
16.54 1.3788e-6
16.56 1.4044e-6
16.58 1.4287e-6
16.60 1.4517e-6
16.62 1.4735e-6
16.64 1.4939e-6
16.66 1.5131e-6
16.68 1.5310e-6
16.70 1.5476e-6
16.72 1.5629e-6
16.74 1.5770e-6
16.76 1.5898e-6
16.78 1.6014e-6
16.80 1.6118e-6
16.82 1.6210e-6
16.84 1.6290e-6
16.86 1.6359e-6
16.88 1.6417e-6
16.90 1.6464e-6
16.92 1.6501e-6
16.94 1.6527e-6
16.96 1.6543e-6
16.98 1.6549e-6
17.00 1.6546e-6
17.02 1.6533e-6
17.04 1.6510e-6
17.06 1.6478e-6
17.08 1.6438e-6
17.10 1.6388e-6
17.12 1.6330e-6
17.14 1.6264e-6
17.16 1.6188e-6
17.18 1.6105e-6
17.20 1.6012e-6
17.22 1.5912e-6
17.24 1.5803e-6
17.26 1.5687e-6
17.28 1.5562e-6
17.30 1.5428e-6
17.32 1.5287e-6
17.34 1.5138e-6
17.36 1.4981e-6
17.38 1.4815e-6
17.40 1.4642e-6
17.42 1.4461e-6
17.44 1.4272e-6
17.46 1.4075e-6
17.48 1.3871e-6
17.50 1.3659e-6
17.52 1.3440e-6
17.54 1.3214e-6
17.56 1.2981e-6
17.58 1.2741e-6
17.60 1.2495e-6
17.62 1.2242e-6
17.64 1.1984e-6
17.66 1.1721e-6
17.68 1.1452e-6
17.70 1.1179e-6
17.72 1.0901e-6
17.74 1.0620e-6
17.76 1.0336e-6
17.78 1.0049e-6
17.80 9.7604e-7
17.82 9.4699e-7
17.84 9.1786e-7
17.86 8.8870e-7
17.88 8.5958e-7
17.90 8.3055e-7
17.92 8.0169e-7
17.94 7.7304e-7
17.96 7.4468e-7
17.98 7.1667e-7
18.00 6.8906e-7
18.02 6.6191e-7
18.04 6.3528e-7
18.06 6.0922e-7
18.08 5.8376e-7
18.10 5.5897e-7
18.12 5.3488e-7
18.14 5.1151e-7
18.16 4.8891e-7
18.18 4.6709e-7
18.20 4.4608e-7
18.22 4.2588e-7
18.24 4.0651e-7
18.26 3.8796e-7
18.28 3.7024e-7
18.30 3.5334e-7
18.32 3.3723e-7
18.34 3.2191e-7
18.36 3.0734e-7
18.38 2.9350e-7
18.40 2.8036e-7
18.42 2.6788e-7
18.44 2.5603e-7
18.46 2.4475e-7
18.48 2.3402e-7
18.50 2.2378e-7
18.52 2.1400e-7
18.54 2.0462e-7
18.56 1.9561e-7
18.58 1.8692e-7
18.60 1.7852e-7
18.62 1.7036e-7
18.64 1.6242e-7
18.66 1.5465e-7
18.68 1.4704e-7
18.70 1.3956e-7
18.72 1.3219e-7
18.74 1.2491e-7
18.76 1.1772e-7
18.78 1.1061e-7
18.80 1.0359e-7
18.82 9.6644e-8
18.84 8.9791e-8
18.86 8.3042e-8
18.88 7.6410e-8
18.90 6.9915e-8
18.92 6.3576e-8
18.94 5.7417e-8
18.96 5.1462e-8
18.98 4.5736e-8
19.00 4.0263e-8
19.02 3.5071e-8
19.04 3.0182e-8
19.06 2.5619e-8
19.08 2.1403e-8
19.10 1.7553e-8
19.12 1.4082e-8
19.14 1.1003e-8
19.16 8.3229e-9
19.18 6.0455e-9
19.20 4.1699e-9
19.22 2.6909e-9
19.24 1.5988e-9
19.26 8.7935e-10
19.28 5.1426e-10
19.30 4.8102e-10
19.32 7.5340e-10
19.34 1.3018e-9
19.36 2.0939e-9
19.38 3.0947e-9
19.40 4.2677e-9
19.42 5.5751e-9
19.44 6.9787e-9
19.46 8.4406e-9
19.48 9.9238e-9
19.50 1.1393e-8
19.52 1.2815e-8
19.54 1.4159e-8
19.56 1.5401e-8
19.58 1.6517e-8
19.60 1.7492e-8
19.62 1.8312e-8
19.64 1.8974e-8
19.66 1.9476e-8
19.68 1.9827e-8
19.70 2.0038e-8
19.72 2.0132e-8
19.74 2.0134e-8
19.76 2.0077e-8
19.78 2.0002e-8
19.80 1.9954e-8
19.82 1.9984e-8
19.84 2.0148e-8
19.86 2.0507e-8
19.88 2.1126e-8
19.90 2.2072e-8
19.92 2.3414e-8
19.94 2.5225e-8
19.96 2.7576e-8
19.98 3.0539e-8
20.00 3.4184e-8
20.02 3.8580e-8
20.04 4.3791e-8
20.06 4.9880e-8
20.08 5.6903e-8
20.10 6.4910e-8
20.12 7.3946e-8
20.14 8.4050e-8
20.16 9.5250e-8
20.18 1.0757e-7
20.20 1.2102e-7
20.22 1.3560e-7
20.24 1.5132e-7
20.26 1.6814e-7
20.28 1.8606e-7
20.30 2.0503e-7
20.32 2.2501e-7
20.34 2.4594e-7
20.36 2.6777e-7
20.38 2.9041e-7
20.40 3.1380e-7
20.42 3.3784e-7
20.44 3.6243e-7
20.46 3.8749e-7
20.48 4.1289e-7
20.50 4.3853e-7
20.52 4.6429e-7
20.54 4.9005e-7
20.56 5.1570e-7
20.58 5.4111e-7
20.60 5.6615e-7
20.62 5.9072e-7
20.64 6.1468e-7
20.66 6.3793e-7
20.68 6.6035e-7
20.70 6.8183e-7
20.72 7.0228e-7
20.74 7.2159e-7
20.76 7.3969e-7
20.78 7.5648e-7
20.80 7.7190e-7
20.82 7.8588e-7
20.84 7.9838e-7
20.86 8.0934e-7
20.88 8.1874e-7
20.90 8.2656e-7
20.92 8.3277e-7
20.94 8.3738e-7
20.96 8.4040e-7
20.98 8.4185e-7
21.00 8.4175e-7
21.02 8.4014e-7
21.04 8.3707e-7
21.06 8.3260e-7
21.08 8.2678e-7
21.10 8.1970e-7
21.12 8.1142e-7
21.14 8.0202e-7
21.16 7.9160e-7
21.18 7.8025e-7
21.20 7.6805e-7
21.22 7.5511e-7
21.24 7.4152e-7
21.26 7.2737e-7
21.28 7.1277e-7
21.30 6.9781e-7
21.32 6.8258e-7
21.34 6.6716e-7
21.36 6.5165e-7
21.38 6.3612e-7
21.40 6.2065e-7
21.42 6.0530e-7
21.44 5.9014e-7
21.46 5.7523e-7
21.48 5.6061e-7
21.50 5.4632e-7
21.52 5.3240e-7
21.54 5.1887e-7
21.56 5.0577e-7
21.58 4.9309e-7
21.60 4.8086e-7
21.62 4.6906e-7
21.64 4.5770e-7
21.66 4.4676e-7
21.68 4.3623e-7
21.70 4.2610e-7
21.72 4.1634e-7
21.74 4.0692e-7
21.76 3.9781e-7
21.78 3.8900e-7
21.80 3.8045e-7
21.82 3.7213e-7
21.84 3.6401e-7
21.86 3.5606e-7
21.88 3.4826e-7
21.90 3.4058e-7
21.92 3.3300e-7
21.94 3.2551e-7
21.96 3.1808e-7
21.98 3.1070e-7
22.00 3.0337e-7
22.02 2.9607e-7
22.04 2.8882e-7
22.06 2.8160e-7
22.08 2.7443e-7
22.10 2.6731e-7
22.12 2.6026e-7
22.14 2.5329e-7
22.16 2.4642e-7
22.18 2.3966e-7
22.20 2.3304e-7
22.22 2.2657e-7
22.24 2.2028e-7
22.26 2.1420e-7
22.28 2.0833e-7
22.30 2.0270e-7
22.32 1.9734e-7
22.34 1.9226e-7
22.36 1.8747e-7
22.38 1.8299e-7
22.40 1.7883e-7
22.42 1.7499e-7
22.44 1.7149e-7
22.46 1.6832e-7
22.48 1.6549e-7
22.50 1.6298e-7
22.52 1.6079e-7
22.54 1.5891e-7
22.56 1.5733e-7
22.58 1.5602e-7
22.60 1.5498e-7
22.62 1.5418e-7
22.64 1.5360e-7
22.66 1.5322e-7
22.68 1.5301e-7
22.70 1.5294e-7
22.72 1.5300e-7
22.74 1.5315e-7
22.76 1.5337e-7
22.78 1.5364e-7
22.80 1.5394e-7
22.82 1.5423e-7
22.84 1.5452e-7
22.86 1.5476e-7
22.88 1.5496e-7
22.90 1.5509e-7
22.92 1.5514e-7
22.94 1.5511e-7
22.96 1.5499e-7
22.98 1.5477e-7
23.00 1.5445e-7
23.02 1.5403e-7
23.04 1.5351e-7
23.06 1.5290e-7
23.08 1.5220e-7
23.10 1.5142e-7
23.12 1.5056e-7
23.14 1.4963e-7
23.16 1.4865e-7
23.18 1.4762e-7
23.20 1.4655e-7
23.22 1.4546e-7
23.24 1.4436e-7
23.26 1.4326e-7
23.28 1.4217e-7
23.30 1.4110e-7
23.32 1.4007e-7
23.34 1.3908e-7
23.36 1.3816e-7
23.38 1.3731e-7
23.40 1.3655e-7
23.42 1.3590e-7
23.44 1.3536e-7
23.46 1.3495e-7
23.48 1.3470e-7
23.50 1.3462e-7
23.52 1.3473e-7
23.54 1.3506e-7
23.56 1.3563e-7
23.58 1.3648e-7
23.60 1.3762e-7
23.62 1.3910e-7
23.64 1.4094e-7
23.66 1.4319e-7
23.68 1.4589e-7
23.70 1.4908e-7
23.72 1.5280e-7
23.74 1.5711e-7
23.76 1.6205e-7
23.78 1.6766e-7
23.80 1.7401e-7
23.82 1.8113e-7
23.84 1.8909e-7
23.86 1.9792e-7
23.88 2.0767e-7
23.90 2.1839e-7
23.92 2.3011e-7
23.94 2.4287e-7
23.96 2.5670e-7
23.98 2.7162e-7
24.00 2.8765e-7
24.02 3.0480e-7
24.04 3.2307e-7
24.06 3.4245e-7
24.08 3.6291e-7
24.10 3.8444e-7
24.12 4.0698e-7
24.14 4.3049e-7
24.16 4.5491e-7
24.18 4.8016e-7
24.20 5.0615e-7
24.22 5.3278e-7
24.24 5.5996e-7
24.26 5.8754e-7
24.28 6.1542e-7
24.30 6.4344e-7
24.32 6.7146e-7
24.34 6.9932e-7
24.36 7.2686e-7
24.38 7.5391e-7
24.40 7.8030e-7
24.42 8.0585e-7
24.44 8.3040e-7
24.46 8.5375e-7
24.48 8.7574e-7
24.50 8.9621e-7
24.52 9.1498e-7
24.54 9.3190e-7
24.56 9.4683e-7
24.58 9.5962e-7
24.60 9.7015e-7
24.62 9.7831e-7
24.64 9.8400e-7
24.66 9.8715e-7
24.68 9.8767e-7
24.70 9.8555e-7
24.72 9.8073e-7
24.74 9.7322e-7
24.76 9.6304e-7
24.78 9.5021e-7
24.80 9.3478e-7
24.82 9.1684e-7
24.84 8.9647e-7
24.86 8.7379e-7
24.88 8.4893e-7
24.90 8.2203e-7
24.92 7.9326e-7
24.94 7.6280e-7
24.96 7.3085e-7
24.98 6.9761e-7
25.00 6.6329e-7
25.02 6.2812e-7
25.04 5.9233e-7
25.06 5.5615e-7
25.08 5.1982e-7
25.10 4.8359e-7
25.12 4.4767e-7
25.14 4.1231e-7
25.16 3.7774e-7
25.18 3.4416e-7
25.20 3.1180e-7
25.22 2.8084e-7
25.24 2.5147e-7
25.26 2.2385e-7
25.28 1.9815e-7
25.30 1.7450e-7
25.32 1.5301e-7
25.34 1.3378e-7
25.36 1.1690e-7
25.38 1.0241e-7
25.40 9.0355e-8
25.42 8.0755e-8
25.44 7.3603e-8
25.46 6.8874e-8
25.48 6.6525e-8
25.50 6.6493e-8
25.52 6.8696e-8
25.54 7.3037e-8
25.56 7.9400e-8
25.58 8.7657e-8
25.60 9.7666e-8
25.62 1.0927e-7
25.64 1.2231e-7
25.66 1.3661e-7
25.68 1.5200e-7
25.70 1.6828e-7
25.72 1.8527e-7
25.74 2.0279e-7
25.76 2.2064e-7
25.78 2.3863e-7
25.80 2.5659e-7
25.82 2.7434e-7
25.84 2.9170e-7
25.86 3.0851e-7
25.88 3.2461e-7
25.90 3.3987e-7
25.92 3.5416e-7
25.94 3.6734e-7
25.96 3.7931e-7
25.98 3.8998e-7
26.00 3.9927e-7
26.02 4.0711e-7
26.04 4.1345e-7
26.06 4.1826e-7
26.08 4.2151e-7
26.10 4.2319e-7
26.12 4.2332e-7
26.14 4.2190e-7
26.16 4.1898e-7
26.18 4.1459e-7
26.20 4.0879e-7
26.22 4.0164e-7
26.24 3.9323e-7
26.26 3.8363e-7
26.28 3.7294e-7
26.30 3.6125e-7
26.32 3.4867e-7
26.34 3.3530e-7
26.36 3.2125e-7
26.38 3.0664e-7
26.40 2.9157e-7
26.42 2.7617e-7
26.44 2.6054e-7
26.46 2.4479e-7
26.48 2.2904e-7
26.50 2.1337e-7
26.52 1.9789e-7
26.54 1.8270e-7
26.56 1.6787e-7
26.58 1.5349e-7
26.60 1.3962e-7
26.62 1.2634e-7
26.64 1.1369e-7
26.66 1.0173e-7
26.68 9.0490e-8
26.70 8.0007e-8
26.72 7.0302e-8
26.74 6.1387e-8
26.76 5.3269e-8
26.78 4.5945e-8
26.80 3.9406e-8
26.82 3.3634e-8
26.84 2.8606e-8
26.86 2.4292e-8
26.88 2.0658e-8
26.90 1.7664e-8
26.92 1.5265e-8
26.94 1.3416e-8
26.96 1.2066e-8
26.98 1.1165e-8
27.00 1.0659e-8
27.02 1.0497e-8
27.04 1.0627e-8
27.06 1.0999e-8
27.08 1.1565e-8
27.10 1.2280e-8
27.12 1.3103e-8
27.14 1.3997e-8
27.16 1.4930e-8
27.18 1.5876e-8
27.20 1.6813e-8
27.22 1.7729e-8
27.24 1.8615e-8
27.26 1.9471e-8
27.28 2.0302e-8
27.30 2.1123e-8
27.32 2.1955e-8
27.34 2.2824e-8
27.36 2.3765e-8
27.38 2.4820e-8
27.40 2.6034e-8
27.42 2.7462e-8
27.44 2.9161e-8
27.46 3.1193e-8
27.48 3.3625e-8
27.50 3.6527e-8
27.52 3.9971e-8
27.54 4.4031e-8
27.56 4.8781e-8
27.58 5.4296e-8
27.60 6.0650e-8
27.62 6.7915e-8
27.64 7.6159e-8
27.66 8.5448e-8
27.68 9.5844e-8
27.70 1.0740e-7
27.72 1.2017e-7
27.74 1.3420e-7
27.76 1.4952e-7
27.78 1.6616e-7
27.80 1.8415e-7
27.82 2.0348e-7
27.84 2.2418e-7
27.86 2.4622e-7
27.88 2.6959e-7
27.90 2.9427e-7
27.92 3.2023e-7
27.94 3.4741e-7
27.96 3.7576e-7
27.98 4.0523e-7
28.00 4.3574e-7
28.02 4.6722e-7
28.04 4.9957e-7
28.06 5.3270e-7
28.08 5.6653e-7
28.10 6.0094e-7
28.12 6.3582e-7
28.14 6.7106e-7
28.16 7.0655e-7
28.18 7.4218e-7
28.20 7.7781e-7
28.22 8.1334e-7
28.24 8.4865e-7
28.26 8.8361e-7
28.28 9.1812e-7
28.30 9.5206e-7
28.32 9.8533e-7
28.34 1.0178e-6
28.36 1.0494e-6
28.38 1.0801e-6
28.40 1.1097e-6
28.42 1.1381e-6
28.44 1.1654e-6
28.46 1.1913e-6
28.48 1.2160e-6
28.50 1.2392e-6
28.52 1.2610e-6
28.54 1.2814e-6
28.56 1.3002e-6
28.58 1.3176e-6
28.60 1.3334e-6
28.62 1.3477e-6
28.64 1.3604e-6
28.66 1.3717e-6
28.68 1.3814e-6
28.70 1.3897e-6
28.72 1.3965e-6
28.74 1.4018e-6
28.76 1.4058e-6
28.78 1.4085e-6
28.80 1.4098e-6
28.82 1.4099e-6
28.84 1.4088e-6
28.86 1.4066e-6
28.88 1.4032e-6
28.90 1.3988e-6
28.92 1.3934e-6
28.94 1.3871e-6
28.96 1.3800e-6
28.98 1.3720e-6
29.00 1.3632e-6
29.02 1.3537e-6
29.04 1.3436e-6
29.06 1.3329e-6
29.08 1.3215e-6
29.10 1.3097e-6
29.12 1.2974e-6
29.14 1.2846e-6
29.16 1.2715e-6
29.18 1.2579e-6
29.20 1.2440e-6
29.22 1.2298e-6
29.24 1.2153e-6
29.26 1.2005e-6
29.28 1.1855e-6
29.30 1.1702e-6
29.32 1.1547e-6
29.34 1.1389e-6
29.36 1.1230e-6
29.38 1.1068e-6
29.40 1.0904e-6
29.42 1.0738e-6
29.44 1.0570e-6
29.46 1.0401e-6
29.48 1.0229e-6
29.50 1.0056e-6
29.52 9.8807e-7
29.54 9.7037e-7
29.56 9.5250e-7
29.58 9.3447e-7
29.60 9.1630e-7
29.62 8.9798e-7
29.64 8.7953e-7
29.66 8.6098e-7
29.68 8.4234e-7
29.70 8.2364e-7
29.72 8.0489e-7
29.74 7.8613e-7
29.76 7.6739e-7
29.78 7.4869e-7
29.80 7.3008e-7
29.82 7.1160e-7
29.84 6.9328e-7
29.86 6.7517e-7
29.88 6.5730e-7
29.90 6.3974e-7
29.92 6.2251e-7
29.94 6.0567e-7
29.96 5.8927e-7
29.98 5.7334e-7
30.00 5.5794e-7
