logY Y Sw sqrtY_times_Sw
6.90675 999 -0.002663794573 -0.084194
6.93049 1023 -0.001856218123 -0.059370
6.95368 1047 -0.0001577718467 -0.005105
6.97635 1071 -0.0007197701762 -0.023555
6.99942 1096 -0.001757275032 -0.058176
7.02287 1122 -0.001462337108 -0.048983
7.04578 1148 -0.0005617385633 -0.019033
7.06902 1175 -0.001344572630 -0.046090
7.09174 1202 -0.001185569962 -0.041104
7.11477 1230 0.001192977387 0.041839
7.13807 1259 0.004237878606 0.150370
7.16162 1289 0.002072584631 0.074411
7.18463 1319 0.0009232922807 0.033532
7.20712 1349 0.001434039186 0.052670
7.23056 1381 0.0001184304360 0.004401
7.25347 1413 -0.0003259737178 -0.012253
7.27656 1446 0.00007934228638 0.003017
7.29980 1480 0.002659467560 0.102312
7.32317 1515 0.003708372224 0.144341
7.34601 1550 0.0008731629220 0.034376
7.36897 1586 -0.0006451132919 -0.025691
7.39203 1623 0.0003487370317 0.014049
7.41518 1661 0.002478223062 0.101001
7.43838 1700 0.002108517033 0.086936
7.46164 1740 0.0004372699699 0.018240
7.48437 1780 -0.002271659387 -0.095841
7.50769 1822 -0.005183735225 -0.221267
7.53048 1864 -0.004748164893 -0.204998
7.55381 1908 -0.003235113840 -0.141312
7.57712 1953 -0.002762840932 -0.122098
7.59990 1998 -0.002204665429 -0.098546
7.62315 2045 0.0001257447111 0.005686
7.64635 2093 0.002203431907 0.100806
7.66950 2142 0.002070725578 0.095837
7.69257 2192 0.0005293864955 0.024785
7.71557 2243 -0.00002152821676 -0.001020
7.73849 2295 -0.0003730020950 -0.017869
7.76174 2349 0.0002909650613 0.014102
7.78489 2404 0.001530723329 0.075052
7.80792 2460 0.001477259601 0.073270
7.83082 2517 -0.0006633338169 -0.033279
7.85399 2576 -0.001761038075 -0.089380
7.87702 2636 -0.001618511188 -0.083098
7.90027 2698 -0.00001603936494 -0.000833
7.92335 2761 0.002452975664 0.128892
7.94626 2825 0.002354279839 0.125132
7.96936 2891 0.000008465512963 0.000455
7.99261 2959 -0.0001110971518 -0.006043
8.01566 3028 0.0008090545916 0.044520
8.03883 3099 0.001303125270 0.072543
8.06180 3171 0.002832492485 0.159502
8.08487 3245 0.002323025082 0.132331
8.10802 3321 0.002615644363 0.150735
8.13094 3398 0.002266020183 0.132092
8.15421 3478 0.0001940450797 0.011444
8.17723 3559 -0.0005533062766 -0.033009
8.20029 3642 -0.0005794166391 -0.034967
8.22336 3727 0.0006784258856 0.041417
8.24643 3814 0.0008649563919 0.053418
8.26950 3903 0.0002385710694 0.014904
8.29255 3994 -0.001453379644 -0.091851
8.31581 4088 -0.001691505154 -0.108151
8.33878 4183 -0.0008656931686 -0.055990
8.36194 4281 0.0001503186706 0.009835
8.38503 4381 0.001062342353 0.070316
8.40805 4483 0.002486867104 0.166509
8.43120 4588 0.002532621880 0.171547
8.45425 4695 0.001812724969 0.124208
8.47741 4805 0.000007426234238 0.000515
8.50045 4917 -0.0006290286247 -0.044108
8.52357 5032 -0.001060463179 -0.075226
8.54656 5149 -0.0005876330495 -0.042167
8.56960 5269 -0.0002159145425 -0.015673
8.59267 5392 -0.001297373972 -0.095266
8.61577 5518 -0.001821419032 -0.135301
8.63888 5647 -0.002064221546 -0.155119
8.66199 5779 -0.001622726953 -0.123359
8.68508 5914 0.0001318040395 0.010136
8.70814 6052 0.0007807943112 0.060742
8.73134 6194 0.0003059908305 0.024082
8.75432 6338 -0.001220642876 -0.097177
8.77740 6486 -0.001318754599 -0.106207
8.80057 6638 -0.0006837413930 -0.055707
8.82365 6793 0.00007436156372 0.006129
8.84664 6951 0.0002687205793 0.022404
8.86982 7114 -0.001250483774 -0.105471
8.89289 7280 -0.001752263217 -0.149508
8.91597 7450 -0.001498831410 -0.129369
8.93906 7624 -0.0008518710386 -0.074382
8.96214 7802 0.0005670900036 0.050090
8.98519 7984 0.001546840002 0.138215
9.00835 8171 0.002808061373 0.253831
9.03133 8361 0.002494688276 0.228111
9.05450 8557 0.001130801502 0.104604
9.07761 8757 0.0006571385049 0.061494
9.10064 8961 0.0003350957712 0.031721
9.12369 9170 0.00005308581559 0.005084
9.14676 9384 0.0005329342420 0.051626
9.16993 9604 0.001259949162 0.123475
9.19299 9828 0.001875821461 0.185962
9.21602 10057 0.001186100461 0.118948
9.23912 10292 -0.0005688554502 -0.057710
9.26227 10533 -0.001263507751 -0.129674
9.28536 10779 -0.0004040833623 -0.041953
9.30837 11030 0.00006127220558 0.006435
9.33150 11288 -0.0003022500124 -0.032113
9.35453 11551 -0.0002312533018 -0.024854
9.37763 11821 0.0001173262821 0.012756
9.40071 12097 0.001016448057 0.111795
9.42384 12380 0.001424894967 0.158542
9.44691 12669 0.0009666997683 0.108808
9.47001 12965 -0.00004605293476 -0.005244
9.49311 13268 -0.0008684350490 -0.100032
9.51613 13577 -0.001397217133 -0.162804
9.53921 13894 -0.0009235357572 -0.108860
9.56233 14219 -0.0008822252547 -0.105200
9.58541 14551 -0.0005086934851 -0.061362
9.60851 14891 0.00005787831410 0.007063
9.63161 15239 0.0006223367645 0.076825
9.65464 15594 0.0004779377571 0.059683
9.67778 15959 0.0002203174207 0.027832
9.70082 16331 -0.0001032850819 -0.013199
9.72394 16713 0.0007213804206 0.093259
9.74701 17103 0.001365682848 0.178602
9.77007 17502 0.001292099038 0.170938
9.79317 17911 0.0004519669581 0.060488
9.81624 18329 -0.0008154805455 -0.110404
9.83932 18757 -0.001751572153 -0.239889
9.86241 19195 -0.001870849728 -0.259199
9.88553 19644 -0.001294984012 -0.181501
9.90857 20102 -0.0002028729408 -0.028764
9.93169 20572 0.0004967789321 0.071253
9.95475 21052 0.0007547256393 0.109505
9.97785 21544 0.0009030626699 0.132550
10.00093 22047 0.0007060219788 0.104832
10.02402 22562 0.000005756517888 0.000865
10.04711 23089 -0.0005835651220 -0.088673
10.07019 23628 -0.0002166680135 -0.033305
10.09328 24180 0.0001203557502 0.018715
10.11634 24744 -0.0006345348749 -0.099814
10.13943 25322 -0.0009512666810 -0.151374
10.16250 25913 -0.0007553856715 -0.121598
10.18562 26519 -0.0004051393832 -0.065976
10.20869 27138 0.0004294446053 0.070745
10.23178 27772 0.0008232888504 0.137201
10.25485 28420 0.0001203651333 0.020291
10.27794 29084 0.0001816468845 0.030978
10.30102 29763 0.0003971721674 0.068520
10.32410 30458 0.0003689126639 0.064383
10.34718 31169 0.0001117450768 0.019728
10.37027 31897 0.00006117537836 0.010926
10.39336 32642 -0.00004542884283 -0.008208
10.41643 33404 -0.0002163444240 -0.039541
10.43951 34184 -0.0004961926188 -0.091741
10.46262 34983 -0.0002216193607 -0.041451
10.48570 35800 -0.000002358401504 -0.000446
10.50879 36636 0.0003154759468 0.060384
10.53186 37491 0.0007383464258 0.142963
10.55495 38367 0.0008365818104 0.163865
10.57804 39263 0.0004909709767 0.097285
10.60112 40180 0.00008697858406 0.017435
10.62420 41118 -0.0007089683733 -0.143762
10.64728 42078 -0.0008521082049 -0.174792
10.67037 43061 -0.00002308789392 -0.004791
10.69344 44066 0.0005553934143 0.116588
10.71653 45095 0.0007212983138 0.153172
10.73961 46148 0.0006103651171 0.131119
10.76270 47226 0.0006701551174 0.145635
10.78579 48329 0.0004021657566 0.088412
10.80886 49457 0.0003085879415 0.068627
10.83194 50612 0.0002993034602 0.067335
10.85503 51794 0.0001604709589 0.036520
10.87812 53004 0.0002137547588 0.049212
10.90121 54242 0.0001280442866 0.029821
10.92428 55508 -0.0002531239582 -0.059636
10.94736 56804 -0.0001898824493 -0.045256
10.97045 58131 -0.0003169945004 -0.076429
10.99353 59488 -0.0005128915330 -0.125095
11.01663 60878 -0.0006579123225 -0.162330
11.03970 62299 -0.0004606459417 -0.114976
11.06279 63754 -0.0003194705468 -0.080665
11.08587 65243 -0.0004586020768 -0.117139
11.10895 66766 -0.0004038879267 -0.104361
11.13205 68326 -0.0002585583380 -0.067585
11.15512 69921 -0.0002394410054 -0.063314
11.17821 71554 -0.0002252656439 -0.060258
11.20129 73225 -0.0001526773247 -0.041315
11.22438 74935 -0.0003058666425 -0.083729
11.24746 76685 -0.00008146826516 -0.022560
11.27054 78475 0.0001991564554 0.055790
11.29362 80308 0.0003090602402 0.087584
11.31670 82183 0.0005366082699 0.153833
11.33980 84103 0.0005573429776 0.161632
11.36288 86067 0.0002390873611 0.070141
11.38596 88076 -0.0001892077672 -0.056152
11.40904 90133 -0.0004347547116 -0.130523
11.43213 92238 -0.0005161576379 -0.156761
11.45521 94392 -0.0002077910030 -0.063840
11.47829 96596 -0.000003878686692 -0.001205
11.50138 98852 0.0002940543312 0.092453
11.52446 101160 0.0004594697948 0.146137
11.54755 103523 0.0003743820575 0.120457
11.57063 105940 0.0001976145567 0.064320
11.59371 108414 0.00004698694510 0.015471
11.61680 110946 -0.00005163174219 -0.017198
11.63988 113537 0.00003547375306 0.011953
11.66296 116188 -0.0001257370221 -0.042859
11.68605 118901 -0.00001028466098 -0.003546
11.70913 121678 0.00003532042537 0.012321
11.73221 124519 0.0002331440452 0.082270
11.75530 127427 0.0001942843606 0.069354
11.77838 130403 -0.000001762831750 -0.000637
11.80147 133448 -0.00005381580454 -0.019659
11.82455 136564 -0.000004835896573 -0.001787
11.84763 139753 0.00002002513882 0.007486
11.87072 143017 0.0001019223284 0.038545
11.89380 146357 0.0001596555854 0.061079
11.91688 149774 0.0003029248866 0.117234
11.93997 153272 0.0002675719893 0.104754
11.96305 156851 0.0002084202390 0.082544
11.98614 160514 0.00004206437417 0.016853
12.00922 164262 -0.0001493435483 -0.060528
12.03230 168098 -0.0003573189182 -0.146500
12.05538 172023 -0.0001909156194 -0.079184
12.07847 176041 -0.000005044287578 -0.002116
12.10156 180152 0.0002381755632 0.101092
12.12463 184358 0.0002278720451 0.097841
12.14772 188664 -0.00001839001586 -0.007988
12.17080 193069 -0.0002202880463 -0.096794
12.19389 197578 -0.0003523205370 -0.156606
12.21697 202192 -0.0002936415063 -0.132038
12.24005 206913 -0.00004889514941 -0.022241
12.26314 211745 0.00008639277614 0.039754
12.28622 216690 0.00008674165195 0.040378
12.30931 221750 0.0001650083582 0.077703
12.33239 226928 0.0001192257748 0.056796
12.35547 232228 0.0001093340135 0.052688
12.37856 237651 0.00003724780955 0.018158
12.40164 243200 -0.0001160447880 -0.057228
12.42472 248879 -0.0001478346625 -0.073751
12.44781 254691 -0.0003899265008 -0.196784
12.47089 260639 -0.0004409884403 -0.225137
12.49397 266725 -0.0003484922754 -0.179980
12.51706 272954 -0.00005519041089 -0.028834
12.54014 279328 0.0001039065920 0.054916
12.56323 285851 0.0001189155125 0.063578
12.58631 292526 0.00008101487989 0.043817
12.60939 299357 0.00004609521459 0.025220
12.63248 306348 0.0001558967193 0.086287
12.65556 313502 0.00007669197439 0.042941
12.67864 320823 0.0001331001868 0.075390
12.70173 328315 0.0002533177433 0.145148
12.72481 335981 0.00004146564185 0.024035
12.74789 343827 -0.0001012694463 -0.059381
12.77098 351856 -0.0002281146718 -0.135312
12.79406 360073 -0.0004059039530 -0.243567
12.81714 368481 -0.0002464360048 -0.149593
12.84023 377086 0.00005588509305 0.034318
12.86331 385892 0.0002681791066 0.166593
12.88640 394903 0.0002991381396 0.187982
12.90948 404125 0.0001553496663 0.098757
12.93256 413562 0.00008252802636 0.053073
12.95565 423220 0.0001039400617 0.067619
12.97873 433103 0.0001101518128 0.072492
13.00181 443217 0.00009282480159 0.061798
13.02490 453567 0.00009496908958 0.063959
13.04798 464158 0.00005796592823 0.039492
13.07106 474997 -0.00006813596037 -0.046959
13.09415 486090 -0.00008473804504 -0.059079
13.11723 497441 -0.00002139573670 -0.015090
13.14032 509057 0.00007619423567 0.054363
13.16340 520945 0.00001686383491 0.012172
13.18648 533110 0.00007878620542 0.057525
13.20957 545559 0.0001264860579 0.093425
13.23265 558299 0.00006326200153 0.047269
13.25573 571336 -0.00002599760758 -0.019651
13.27882 584678 -0.00001052184720 -0.008045
13.30190 598332 0.0001002265324 0.077527
13.32498 612304 0.0001023649195 0.080100
13.34807 626603 -0.00002668393918 -0.021123
13.37115 641235 -0.00006729682197 -0.053889
13.39423 656209 -0.0001437880700 -0.116478
13.41732 671533 -0.0001050380935 -0.086076
13.44040 687215 -0.00009297701882 -0.077076
13.46349 703263 -0.0001238478566 -0.103860
13.48657 719685 -0.000002925593922 -0.002482
13.50965 736491 -0.00003717101022 -0.031900
13.53274 753690 -0.0001387799718 -0.120482
13.55582 771290 -0.0001024108784 -0.089940
13.57890 789301 -0.00003401987959 -0.030224
13.60199 807733 0.00004119598745 0.037024
13.62507 826595 0.00006950575186 0.063193
13.64815 845898 0.00009551881996 0.087851
13.67124 865652 0.00007247675949 0.067433
13.69432 885866 -0.00005299697804 -0.049881
13.71740 906553 -0.0001836590094 -0.174867
13.74049 927723 -0.0002241572506 -0.215905
13.76357 949387 -0.00008646786206 -0.084251
13.78666 971557 -0.00003301454827 -0.032542
13.80974 994245 0.00002093713976 0.020877
13.83282 1017463 0.00007508521615 0.075738
13.85591 1041223 0.0001044449350 0.106576
13.87899 1065537 0.00007936867044 0.081928
13.90207 1090420 0.00005515259847 0.057592
13.92516 1115883 0.00003597238993 0.038000
13.94824 1141942 0.00003346830920 0.035765
13.97132 1168608 0.00004402561142 0.047593
13.99441 1195898 0.00004486701706 0.049065
14.01749 1223824 -0.00001453068044 -0.016075
14.04057 1252403 -0.00004592377685 -0.051394
14.06366 1281649 -0.00007571827884 -0.085721
14.08674 1311579 0.00003244792442 0.037161
14.10983 1342207 0.0001029447469 0.119265
14.13291 1373550 0.00008082686652 0.094728
14.15599 1405625 0.00002239461885 0.026551
14.17908 1438449 -0.00003442341209 -0.041286
14.20216 1472040 -0.00002324228862 -0.028199
14.22524 1506415 0.000003632336557 0.004458
14.24833 1541593 -0.00002247238496 -0.027902
14.27141 1577593 -0.00004268039323 -0.053608
14.29449 1614433 -0.00006068535552 -0.077107
14.31758 1652133 -0.0001150342241 -0.147860
14.34066 1690714 -0.00004194518222 -0.054540
14.36374 1730195 0.00005046634628 0.066382
14.38683 1770599 0.0001239560689 0.164941
14.40991 1811946 0.0001816531251 0.244521
14.43300 1854259 0.0001339464711 0.182396
14.45608 1897559 0.00006748998750 0.092969
14.47916 1941871 0.00005364407557 0.074754
14.50225 1987218 0.00001368661717 0.019294
14.52533 2033624 -0.00003317418926 -0.047308
14.54841 2081113 -0.00002087885593 -0.030120
14.57150 2129711 -0.00001190075414 -0.017367
14.59458 2179444 0.00003683563929 0.054380
14.61766 2230339 0.00004268244023 0.063743
14.64075 2282422 -0.00002658079570 -0.040157
14.66383 2335721 -0.00006942656518 -0.106105
14.68691 2390265 -0.00004520669373 -0.069892
14.71000 2446082 -0.00001588515547 -0.024844
14.73308 2503203 0.00001007082556 0.015934
14.75617 2561658 -0.00004394237402 -0.070331
14.77925 2621478 -0.00008232885463 -0.133298
14.80233 2682695 -0.00008666420629 -0.141947
14.82542 2745342 -0.00004898851768 -0.081169
14.84850 2809451 -0.00001676957036 -0.028108
14.87158 2875058 -0.00002556498337 -0.043348
14.89467 2942196 -0.00004539985679 -0.077874
14.91775 3010902 -0.00004405835134 -0.076450
14.94083 3081213 -0.00002676878761 -0.046988
14.96392 3153166 0.000006127107126 0.010880
14.98700 3226799 0.000004318738264 0.007758
15.01008 3302151 0.00004410337799 0.080144
15.03317 3379263 0.00001588558214 0.029202
15.05625 3458176 -0.00002224841394 -0.041374
15.07934 3538931 -0.00005463485689 -0.102779
15.10242 3621572 -0.00007250935404 -0.137988
15.12550 3706144 -0.00007060157143 -0.135918
15.14859 3792690 0.00001053314773 0.020513
15.17167 3881257 0.0001299261002 0.255966
15.19475 3971892 0.0001399756464 0.278966
15.21784 4064644 0.00006931129907 0.139738
15.24092 4159562 -0.00001724715862 -0.035176
15.26400 4256696 -0.00003589930169 -0.074067
15.28709 4356099 -0.00001824435193 -0.038078
15.31017 4457822 -0.00003238176728 -0.068369
15.33325 4561922 -0.00003251101902 -0.069439
15.35634 4668452 -0.000002496013554 -0.005393
15.37942 4777470 0.00002382726982 0.052080
15.40251 4889034 0.00003617781770 0.079993
15.42559 5003202 0.00001849987538 0.041380
15.44867 5120037 0.00003205887979 0.072541
15.47176 5239601 0.00004569012255 0.104585
15.49484 5361956 0.00007330160176 0.169736
15.51792 5487169 0.00006630806547 0.155325
15.54101 5615306 0.00003196997532 0.075758
15.56409 5746434 -0.00001079930071 -0.025888
15.58717 5880625 -0.00004129035765 -0.100129
15.61026 6017950 -0.00002722671695 -0.066791
15.63334 6158482 0.000008653746907 0.021475
15.65642 6302295 0.00001373433336 0.034479
15.67951 6449466 -0.00002617557727 -0.066475
15.70259 6600075 -0.00005635438133 -0.144778
15.72568 6754200 -0.00003380577500 -0.087857
15.74876 6911924 -0.000002610623569 -0.006863
15.77184 7073332 0.00004307321751 0.114556
15.79493 7238509 0.00005911375672 0.159042
15.81801 7407543 0.00003424431504 0.093202
15.84109 7580524 -0.000004054107661 -0.011162
15.86418 7757545 -0.00003702777106 -0.103131
15.88726 7938699 -0.00004356684207 -0.122753
15.91034 8124084 -0.00003496988512 -0.099674
15.93343 8313798 -0.00001191627872 -0.034359
15.95651 8507942 0.000006596366173 0.019241
15.97959 8706620 -5.811303571e-7 -0.001715
16.00268 8909938 -0.00002332364880 -0.069620
16.02576 9118003 -0.00004009956673 -0.121085
16.04884 9330927 -0.00004301316861 -0.131390
16.07193 9548823 -0.00001891049936 -0.058436
16.09501 9771808 0.000003151878159 0.009853
16.11810 10000000 0.00001420668435 0.044925
