logY Y Sw sqrtY_times_Sw
6.90675 999 0.0006309533038 0.019943
6.93049 1023 0.0006148132613 0.019664
6.95368 1047 -0.0007369302130 -0.023845
6.97635 1071 -0.002132507177 -0.069789
6.99942 1096 -0.001980560653 -0.065568
7.02287 1122 -0.002628930285 -0.088059
7.04578 1148 -0.004366596331 -0.147950
7.06902 1175 -0.006639873856 -0.227603
7.09174 1202 -0.005358249909 -0.185770
7.11477 1230 -0.003755426823 -0.131708
7.13807 1259 -0.002843421367 -0.100891
7.16162 1289 -0.0004579251037 -0.016441
7.18463 1319 0.0006064306666 0.022024
7.20712 1349 0.001514183058 0.055614
7.23056 1381 0.002750748766 0.102223
7.25347 1413 0.003949689975 0.148468
7.27656 1446 0.002987535915 0.113605
7.29980 1480 0.001119385574 0.043064
7.32317 1515 0.0005081603189 0.019779
7.34601 1550 0.001712287823 0.067413
7.36897 1586 0.002936468309 0.116944
7.39203 1623 0.002692167504 0.108458
7.41518 1661 0.002118344868 0.086334
7.43838 1700 0.002120169979 0.087417
7.46164 1740 0.001878144979 0.078344
7.48437 1780 0.002540215056 0.107172
7.50769 1822 0.002681946209 0.114479
7.53048 1864 0.001985679777 0.085730
7.55381 1908 0.001977004905 0.086357
7.57712 1953 0.001346930221 0.059525
7.59990 1998 -0.0002483596873 -0.011101
7.62315 2045 -0.002028335506 -0.091725
7.64635 2093 -0.003726288784 -0.170475
7.66950 2142 -0.006387873799 -0.295642
7.69257 2192 -0.007506908073 -0.351464
7.71557 2243 -0.005776748918 -0.273589
7.73849 2295 -0.004085883366 -0.195739
7.76174 2349 -0.002628333388 -0.127386
7.78489 2404 -0.001105069529 -0.054182
7.80792 2460 -0.0007861969889 -0.038994
7.83082 2517 -0.0007219897116 -0.036222
7.85399 2576 -0.0007782074599 -0.039497
7.87702 2636 -0.0003335368121 -0.017124
7.90027 2698 0.0004832772955 0.025103
7.92335 2761 0.0007200106895 0.037833
7.94626 2825 0.0002924950969 0.015546
7.96936 2891 0.0007472617442 0.040179
7.99261 2959 0.0007449533664 0.040523
8.01566 3028 0.0002450369373 0.013484
8.03883 3099 0.0008833939708 0.049177
8.06180 3171 0.001751318278 0.098620
8.08487 3245 0.001538852837 0.087661
8.10802 3321 0.001774175524 0.102242
8.13094 3398 0.002888100464 0.168354
8.15421 3478 0.003415130454 0.201406
8.17723 3559 0.003824764489 0.228175
8.20029 3642 0.003361769231 0.202879
8.22336 3727 0.001964200487 0.119913
8.24643 3814 0.00008219058595 0.005076
8.26950 3903 -0.001596168136 -0.099719
8.29255 3994 -0.003053760368 -0.192992
8.31581 4088 -0.003439595524 -0.219919
8.33878 4183 -0.003299142440 -0.213376
8.36194 4281 -0.002318301241 -0.151685
8.38503 4381 -0.001164205792 -0.077058
8.40805 4483 -0.0002422131843 -0.016217
8.43120 4588 -0.0002617863315 -0.017732
8.45425 4695 -0.0002738515835 -0.018764
8.47741 4805 -0.0002737563344 -0.018976
8.50045 4917 0.0003997492195 0.028031
8.52357 5032 0.0005315671189 0.037708
8.54656 5149 -0.0002069418629 -0.014849
8.56960 5269 -0.0004378304111 -0.031781
8.59267 5392 -0.0004312165316 -0.031664
8.61577 5518 -0.0002852103148 -0.021186
8.63888 5647 -0.00001355474737 -0.001019
8.66199 5779 0.0005602720891 0.042592
8.68508 5914 0.001014230293 0.077997
8.70814 6052 0.001150139338 0.089475
8.73134 6194 0.001506860793 0.118593
8.75432 6338 0.001996871144 0.158974
8.77740 6486 0.001265053902 0.101882
8.80057 6638 0.0004051635098 0.033010
8.82365 6793 0.0001485292614 0.012242
8.84664 6951 -0.00005081106941 -0.004236
8.86982 7114 -0.00005897649495 -0.004974
8.89289 7280 -0.0005133298730 -0.043799
8.91597 7450 -0.0009417448618 -0.081285
8.93906 7624 -0.001246990415 -0.108882
8.96214 7802 -0.0009655879293 -0.085289
8.98519 7984 -0.001069898041 -0.095599
9.00835 8171 -0.0007372396199 -0.066642
9.03133 8361 -0.0007049027796 -0.064455
9.05450 8557 -0.0009340803162 -0.086406
9.07761 8757 -0.001268764464 -0.118730
9.10064 8961 -0.001322262935 -0.125169
9.12369 9170 -0.0009456320270 -0.090554
9.14676 9384 -0.001008020461 -0.097648
9.16993 9604 -0.001329531062 -0.130294
9.19299 9828 -0.0006137959821 -0.060849
9.21602 10057 -0.0002215621774 -0.022219
9.23912 10292 0.0002143099403 0.021742
9.26227 10533 0.0008536617753 0.087612
9.28536 10779 0.001678244604 0.174239
9.30837 11030 0.001911571412 0.200761
9.33150 11288 0.001912771065 0.203222
9.35453 11551 0.001861045323 0.200017
9.37763 11821 0.001556995322 0.169283
9.40071 12097 0.0009701530301 0.106704
9.42384 12380 0.0007438269839 0.082762
9.44691 12669 0.0006373400100 0.071737
9.47001 12965 0.0005279378815 0.060113
9.49311 13268 0.0006065591018 0.069868
9.51613 13577 0.00005813165230 0.006774
9.53921 13894 -0.0004347336668 -0.051243
9.56233 14219 -0.0004814229272 -0.057407
9.58541 14551 -0.0003199949246 -0.038600
9.60851 14891 0.0001077217824 0.013145
9.63161 15239 0.0005585453687 0.068950
9.65464 15594 0.0009413088453 0.117547
9.67778 15959 0.0008319504848 0.105099
9.70082 16331 0.0004998190249 0.063873
9.72394 16713 0.0001409476121 0.018222
9.74701 17103 -0.0007784331771 -0.101802
9.77007 17502 -0.001299506305 -0.171918
9.79317 17911 -0.001181469540 -0.158118
9.81624 18329 -0.001219820003 -0.165145
9.83932 18757 -0.001099362264 -0.150564
9.86241 19195 -0.0007871593278 -0.109058
9.88553 19644 -0.0001384361078 -0.019403
9.90857 20102 0.0003823574407 0.054211
9.93169 20572 0.0004532553512 0.065010
9.95475 21052 0.0005358302011 0.077745
9.97785 21544 0.0006368496347 0.093476
10.00093 22047 0.0007657827872 0.113705
10.02402 22562 0.001137409009 0.170846
10.04711 23089 0.001041109221 0.158197
10.07019 23628 0.0006731462533 0.103472
10.09328 24180 -0.0001080138065 -0.016796
10.11634 24744 -0.0007939963517 -0.124897
10.13943 25322 -0.0009657977047 -0.153686
10.16250 25913 -0.0007286223734 -0.117290
10.18562 26519 -0.0005137641505 -0.083665
10.20869 27138 -0.00004185219429 -0.006895
10.23178 27772 0.0003336716720 0.055606
10.25485 28420 0.0004603825552 0.077612
10.27794 29084 0.0005315905965 0.090658
10.30102 29763 0.0006921512138 0.119410
10.32410 30458 0.0004653150787 0.081208
10.34718 31169 -0.00002862829736 -0.005054
10.37027 31897 -0.0006066216478 -0.108341
10.39336 32642 -0.0008980770871 -0.162256
10.41643 33404 -0.001193208720 -0.218080
10.43951 34184 -0.001083242821 -0.200280
10.46262 34983 -0.0007300473338 -0.136546
10.48570 35800 -0.0006549220461 -0.123917
10.50879 36636 -0.0006135999114 -0.117446
10.53186 37491 -0.0004123553964 -0.079843
10.55495 38367 -0.0002800104908 -0.054847
10.57804 39263 -0.0002673405690 -0.052973
10.60112 40180 -0.0002407527157 -0.048259
10.62420 41118 -0.00007407145071 -0.015020
10.64728 42078 0.000006249215364 0.001282
10.67037 43061 0.000009943057691 0.002063
10.69344 44066 0.00003255413217 0.006834
10.71653 45095 -0.00004587176791 -0.009741
10.73961 46148 0.00006686116571 0.014363
10.76270 47226 0.0001225567120 0.026633
10.78579 48329 0.0003383799183 0.074389
10.80886 49457 0.0004769792996 0.106075
10.83194 50612 0.0003860625944 0.086853
10.85503 51794 0.0003791021796 0.086277
10.87812 53004 0.0005428213301 0.124972
10.90121 54242 0.0005982288907 0.139327
10.92428 55508 0.0005597166684 0.131870
10.94736 56804 0.0003955932207 0.094284
10.97045 58131 0.0001701624640 0.041027
10.99353 59488 0.0001685237612 0.041103
11.01663 60878 0.0001848687763 0.045614
11.03970 62299 0.0003446753767 0.086030
11.06279 63754 0.0003597293129 0.090830
11.08587 65243 -0.00002135409966 -0.005454
11.10895 66766 -0.0001926860135 -0.049788
11.13205 68326 -0.0002127209682 -0.055604
11.15512 69921 -0.0001544543861 -0.040842
11.17821 71554 -0.0001466816111 -0.039237
11.20129 73225 -0.0002876282103 -0.077833
11.22438 74935 -0.0004302229226 -0.117770
11.24746 76685 -0.0006847376987 -0.189618
11.27054 78475 -0.0007580820922 -0.212364
11.29362 80308 -0.0004668808148 -0.132308
11.31670 82183 -0.0002303719885 -0.066042
11.33980 84103 -0.0001239485634 -0.035946
11.36288 86067 -0.00004334372844 -0.012716
11.38596 88076 0.00001166633993 0.003462
11.40904 90133 0.00002013338725 0.006044
11.43213 92238 0.00008161623944 0.024787
11.45521 94392 0.0001344024342 0.041293
11.47829 96596 0.0003368935288 0.104706
11.50138 98852 0.0004794945883 0.150757
11.52446 101160 0.0004144624843 0.131823
11.54755 103523 0.0001831625384 0.058933
11.57063 105940 0.00005546516745 0.018053
11.59371 108414 0.00003654083289 0.012032
11.61680 110946 0.0001724608681 0.057444
11.63988 113537 0.0001425935107 0.048047
11.66296 116188 0.0002091960657 0.071307
11.68605 118901 0.0001852328105 0.063872
11.70913 121678 0.0002710282632 0.094541
11.73221 124519 0.0004046186735 0.142779
11.75530 127427 0.0003489283527 0.124557
11.77838 130403 0.0001630067824 0.058864
11.80147 133448 -0.00004260947472 -0.015565
11.82455 136564 -0.0002512786652 -0.092859
11.84763 139753 -0.0004694165466 -0.175485
11.87072 143017 -0.0004160245135 -0.157330
11.89380 146357 -0.0002920774691 -0.111739
11.91688 149774 -0.0002475494300 -0.095803
11.93997 153272 -0.0002904310817 -0.113704
11.96305 156851 -0.0003012469018 -0.119307
11.98614 160514 -0.0002004381181 -0.080304
12.00922 164262 -0.0001801135476 -0.072999
12.03230 168098 -0.00006305838550 -0.025854
12.05538 172023 0.00009948413709 0.041262
12.07847 176041 0.0002890294626 0.121269
12.10156 180152 0.0003327845133 0.141248
12.12463 184358 0.0001840784954 0.079038
12.14772 188664 0.00004162177777 0.018079
12.17080 193069 -0.00008833674838 -0.038815
12.19389 197578 -0.00002173283661 -0.009660
12.21697 202192 0.00007118635788 0.032009
12.24005 206913 -0.00001391066629 -0.006328
12.26314 211745 -0.00002050308237 -0.009435
12.28622 216690 0.00007820522750 0.036405
12.30931 221750 0.0001198929742 0.056458
12.33239 226928 0.0002298168869 0.109478
12.35547 232228 0.0002421500018 0.116692
12.37856 237651 0.0001462620883 0.071302
12.40164 243200 0.000003987225042 0.001966
12.42472 248879 -0.0001315397641 -0.065622
12.44781 254691 -0.0001018786852 -0.051415
12.47089 260639 -0.00002429622258 -0.012404
12.49397 266725 0.00001127165771 0.005821
12.51706 272954 -0.00007398545344 -0.038654
12.54014 279328 -0.0001158261869 -0.061216
12.56323 285851 -0.0002053919182 -0.109813
12.58631 292526 -0.0002967344421 -0.160491
12.60939 299357 -0.0003933959737 -0.215241
12.63248 306348 -0.0002715878344 -0.150320
12.65556 313502 -0.00006820387588 -0.038188
12.67864 320823 0.00006195771513 0.035094
12.70173 328315 0.0001321865544 0.075741
12.72481 335981 0.00008150810746 0.047245
12.74789 343827 0.00005724212353 0.033565
12.77098 351856 0.0001253119648 0.074332
12.79406 360073 0.0001185818779 0.071156
12.81714 368481 0.0001059861583 0.064336
12.84023 377086 0.00006236441753 0.038296
12.86331 385892 0.00007234305828 0.044940
12.88640 394903 0.0001180940588 0.074212
12.90948 404125 0.0001801281063 0.114509
12.93256 413562 0.0001009889136 0.064945
12.95565 423220 -0.00001976695488 -0.012859
12.97873 433103 -0.00002588705642 -0.017036
13.00181 443217 0.00002998756437 0.019964
13.02490 453567 0.00005991583874 0.040352
13.04798 464158 0.0001169178182 0.079655
13.07106 474997 0.0001654465835 0.114026
13.09415 486090 0.0001004557217 0.070038
13.11723 497441 0.00001689803461 0.011918
13.14032 509057 0.00001367285587 0.009755
13.16340 520945 -0.000002498277461 -0.001803
13.18648 533110 -0.0001234165088 -0.090112
13.20957 545559 -0.0001641069347 -0.121213
13.23265 558299 -0.0001443782097 -0.107879
13.25573 571336 -0.00006851483483 -0.051788
13.27882 584678 -0.00008020236020 -0.061326
13.30190 598332 -0.0001009780199 -0.078108
13.32498 612304 -0.0001061858524 -0.083090
13.34807 626603 -0.0001557808801 -0.123313
13.37115 641235 -0.0001031491715 -0.082599
13.39423 656209 0.00001235181938 0.010006
13.41732 671533 0.00002262804897 0.018543
13.44040 687215 0.000001760279746 0.001459
13.46349 703263 0.00003258612813 0.027327
13.48657 719685 0.00005598354402 0.047493
13.50965 736491 0.00005549090297 0.047622
13.53274 753690 0.00001324451949 0.011498
13.55582 771290 0.00002023179195 0.017768
13.57890 789301 0.00004012470858 0.035648
13.60199 807733 0.0001262253508 0.113444
13.62507 826595 0.0001103415316 0.100320
13.64815 845898 0.00004832698656 0.044448
13.67124 865652 0.00003628440328 0.033759
13.69432 885866 0.00004335533790 0.040806
13.71740 906553 0.00006309452348 0.060074
13.74049 927723 0.00006060417632 0.058373
13.76357 949387 0.00003537524245 0.034468
13.78666 971557 0.00005757255902 0.056748
13.80974 994245 0.00007830012731 0.078074
13.83282 1017463 0.00005655344208 0.057045
13.85591 1041223 0.00004910396514 0.050106
13.87899 1065537 -0.000007505164156 -0.007747
13.90207 1090420 -0.00005101096178 -0.053267
13.92516 1115883 -0.00009748689750 -0.102981
13.94824 1141942 -0.00008512756576 -0.090969
13.97132 1168608 -0.00004128816508 -0.044633
13.99441 1195898 -0.00003190961076 -0.034895
14.01749 1223824 -0.00007985070527 -0.088336
14.04057 1252403 -0.00009628053425 -0.107748
14.06366 1281649 -0.00007858170516 -0.088962
14.08674 1311579 -0.0001179635380 -0.135097
14.10983 1342207 -0.0001764277192 -0.204398
14.13291 1373550 -0.0001271020378 -0.148962
14.15599 1405625 -0.00005507458956 -0.065296
14.17908 1438449 0.00001479432516 0.017744
14.20216 1472040 0.00005402235439 0.065544
14.22524 1506415 0.00007916317647 0.097162
14.24833 1541593 0.00004413376831 0.054797
14.27141 1577593 0.00002404387484 0.030200
14.29449 1614433 0.000008349079845 0.010608
14.31758 1652133 -0.00001357282970 -0.017446
14.34066 1690714 0.00002710700777 0.035247
14.36374 1730195 0.00006315391822 0.083071
14.38683 1770599 0.00008366144910 0.111323
14.40991 1811946 0.0001057664067 0.142371
14.43300 1854259 0.00008248054729 0.112315
14.45608 1897559 0.00006452308932 0.088882
14.47916 1941871 0.00003619355880 0.050436
14.50225 1987218 -0.00002158948884 -0.030434
14.52533 2033624 -0.00002300550406 -0.032807
14.54841 2081113 0.00007849979552 0.113244
14.57150 2129711 0.0001029869072 0.150294
14.59458 2179444 0.00008659116515 0.127834
14.61766 2230339 0.00004524057088 0.067564
14.64075 2282422 -0.00003636013015 -0.054932
14.66383 2335721 -0.00007952063786 -0.121532
14.68691 2390265 -0.0001015940363 -0.157069
14.71000 2446082 -0.0001102568045 -0.172441
14.73308 2503203 -0.0001185417421 -0.187551
14.75617 2561658 -0.00008205119660 -0.131324
14.77925 2621478 -0.00004337882324 -0.070235
14.80233 2682695 -0.00004195394339 -0.068716
14.82542 2745342 -0.00004166160562 -0.069029
14.84850 2809451 -0.00002492100177 -0.041771
14.87158 2875058 -0.000007142322254 -0.012111
14.89467 2942196 0.00001472864820 0.025264
14.91775 3010902 0.00004151424050 0.072035
14.94083 3081213 0.00005833518877 0.102398
14.96392 3153166 0.00006739676193 0.119677
14.98700 3226799 0.00007554190671 0.135698
15.01008 3302151 0.00007911251151 0.143762
15.03317 3379263 0.00001672566871 0.030746
15.05625 3458176 -0.00002191710005 -0.040757
15.07934 3538931 -0.00003091682316 -0.058161
15.10242 3621572 -0.00004455655474 -0.084793
15.12550 3706144 -0.00003107228098 -0.059818
15.14859 3792690 -0.000004907696984 -0.009558
15.17167 3881257 0.00005369698728 0.105788
15.19475 3971892 0.00007185197712 0.143198
15.21784 4064644 0.00007033673925 0.141806
15.24092 4159562 0.00001707614374 0.034827
15.26400 4256696 -0.000009871518295 -0.020367
15.28709 4356099 -0.00002707608888 -0.056511
15.31017 4457822 -0.00005024036901 -0.106075
15.33325 4561922 -0.00009283952853 -0.198293
15.35634 4668452 -0.0001166818233 -0.252110
15.37942 4777470 -0.0001003038266 -0.219238
15.40251 4889034 -0.00008194627569 -0.181193
15.42559 5003202 -0.00006886163426 -0.154029
15.44867 5120037 -0.00005079741413 -0.114942
15.47176 5239601 -0.00002869738425 -0.065689
15.49484 5361956 0.000008415068951 0.019486
15.51792 5487169 0.00002423108053 0.056761
15.54101 5615306 0.00002530373212 0.059961
15.56409 5746434 0.00002672252854 0.064058
15.58717 5880625 0.00002391633420 0.057997
15.61026 6017950 0.00001493866662 0.036647
15.63334 6158482 0.000004019497938 0.009975
15.65642 6302295 -0.000001783148932 -0.004476
15.67951 6449466 -0.000001009981041 -0.002565
15.70259 6600075 0.000009864372712 0.025342
15.72568 6754200 0.00001337778927 0.034767
15.74876 6911924 0.00002050829295 0.053917
15.77184 7073332 0.00003558180263 0.094632
15.79493 7238509 0.00005481077135 0.147466
15.81801 7407543 0.00004400041819 0.119755
15.84109 7580524 0.00001103986173 0.030396
15.86418 7757545 -0.000001208748485 -0.003367
15.88726 7938699 0.00001198149089 0.033759
15.91034 8124084 0.000002788453518 0.007948
15.93343 8313798 -0.00002057033530 -0.059312
15.95651 8507942 -0.00004203601993 -0.122612
15.97959 8706620 -0.00003381442817 -0.099776
16.00268 8909938 -0.00003420978843 -0.102115
16.02576 9118003 -0.00001127809328 -0.034055
16.04884 9330927 0.000005775602477 0.017642
16.07193 9548823 0.00003077139479 0.095087
16.09501 9771808 0.00002466769260 0.077111
16.11810 10000000 0.00001424250086 0.045039
