logY Y Sw sqrtY_times_Sw
6.90675 999 0.001727139873 0.054590
6.93049 1023 -0.001658029002 -0.053031
6.95368 1047 -0.005272862378 -0.170616
6.97635 1071 -0.006579750155 -0.215330
6.99942 1096 -0.006592890700 -0.218264
7.02287 1122 -0.002325622802 -0.077900
7.04578 1148 0.002960681930 0.100314
7.06902 1175 0.004957158319 0.169923
7.09174 1202 0.005917540438 0.205160
7.11477 1230 0.004827067533 0.169292
7.13807 1259 0.003024427800 0.107314
7.16162 1289 0.001140859130 0.040960
7.18463 1319 -0.0002530268209 -0.009189
7.20712 1349 0.0005183745186 0.019039
7.23056 1381 0.001464381082 0.054419
7.25347 1413 0.003383438305 0.127183
7.27656 1446 0.003128097474 0.118950
7.29980 1480 0.0009443854741 0.036331
7.32317 1515 -0.002122330026 -0.082607
7.34601 1550 -0.001834777443 -0.072235
7.36897 1586 0.001162000841 0.046276
7.39203 1623 0.001224998976 0.049351
7.41518 1661 0.002155425901 0.087845
7.43838 1700 0.001353099202 0.055790
7.46164 1740 -0.00006810437553 -0.002841
7.48437 1780 -0.0004581089895 -0.019328
7.50769 1822 0.0005624374163 0.024008
7.53048 1864 0.001559233246 0.067318
7.55381 1908 0.001400196986 0.061162
7.57712 1953 -0.0002336804546 -0.010327
7.59990 1998 -0.0005264438977 -0.023532
7.62315 2045 0.001083941815 0.049018
7.64635 2093 0.002238437879 0.102407
7.66950 2142 0.0007809991468 0.036146
7.69257 2192 0.0003641299137 0.017048
7.71557 2243 -0.0007163038044 -0.033924
7.73849 2295 -0.0007936583684 -0.038021
7.76174 2349 -0.001985784391 -0.096244
7.78489 2404 -0.002803543663 -0.137459
7.80792 2460 -0.003245762485 -0.160985
7.83082 2517 -0.001520117316 -0.076264
7.85399 2576 0.001559338167 0.079143
7.87702 2636 0.003394712631 0.174291
7.90027 2698 0.003105825479 0.161324
7.92335 2761 0.001683453620 0.088457
7.94626 2825 -0.001138724262 -0.060524
7.96936 2891 -0.0004244301205 -0.022821
7.99261 2959 0.0006983443455 0.037988
8.01566 3028 0.001211556083 0.066669
8.03883 3099 0.0007352446994 0.040930
8.06180 3171 0.0007318105937 0.041209
8.08487 3245 0.001889213464 0.107619
8.10802 3321 0.002037824220 0.117436
8.13094 3398 0.001209292466 0.070493
8.15421 3478 0.0002163203262 0.012757
8.17723 3559 -0.0003541461493 -0.021127
8.20029 3642 -0.001649662870 -0.099555
8.22336 3727 -0.001151955582 -0.070326
8.24643 3814 -0.0005698170177 -0.035191
8.26950 3903 -0.000009413951881 -0.000588
8.29255 3994 -0.0001863152514 -0.011775
8.31581 4088 0.00008027554131 0.005133
8.33878 4183 0.0008136768640 0.052625
8.36194 4281 0.001943456952 0.127159
8.38503 4381 0.001925972212 0.127478
8.40805 4483 0.001457137302 0.097563
8.43120 4588 0.0006061168570 0.041055
8.45425 4695 0.0001917599079 0.013139
8.47741 4805 0.000001198509456 0.000083
8.50045 4917 -0.00005293988725 -0.003712
8.52357 5032 -0.0005866656316 -0.041616
8.54656 5149 -0.0006895704509 -0.049481
8.56960 5269 -0.0008540371421 -0.061993
8.59267 5392 -0.0003646909219 -0.026779
8.61577 5518 0.00009205895442 0.006838
8.63888 5647 -0.0001495541118 -0.011238
8.66199 5779 -0.0009080822245 -0.069032
8.68508 5914 0.0001956669274 0.015047
8.70814 6052 0.001127044476 0.087678
8.73134 6194 0.0004791096462 0.037707
8.75432 6338 -0.0008204125180 -0.065314
8.77740 6486 -0.0009030383538 -0.072727
8.80057 6638 -0.002200876454 -0.179314
8.82365 6793 -0.001559392857 -0.128525
8.84664 6951 0.0007336679442 0.061168
8.86982 7114 0.001628819252 0.137382
8.89289 7280 0.001141067992 0.097359
8.91597 7450 0.0005707083592 0.049260
8.93906 7624 0.0006639479365 0.057973
8.96214 7802 0.001296827569 0.114547
8.98519 7984 0.0007298988781 0.065219
9.00835 8171 -0.00004354624673 -0.003936
9.03133 8361 -0.0004398413835 -0.040218
9.05450 8557 -0.001423297972 -0.131661
9.07761 8757 -0.002345696925 -0.219508
9.10064 8961 -0.001568317869 -0.148461
9.12369 9170 -0.0008155016856 -0.078093
9.14676 9384 -0.0002941857006 -0.028498
9.16993 9604 -0.000007416001777 -0.000727
9.19299 9828 0.001054781062 0.104567
9.21602 10057 0.001044987142 0.104796
9.23912 10292 -0.0001676045020 -0.017003
9.26227 10533 -0.0004939548594 -0.050695
9.28536 10779 -0.0004372965087 -0.045401
9.30837 11030 -0.0003565510910 -0.037446
9.33150 11288 0.001144369319 0.121584
9.35453 11551 0.0006044836654 0.064967
9.37763 11821 0.0003343262311 0.036349
9.40071 12097 0.0002288404656 0.025169
9.42384 12380 0.0002140103144 0.023812
9.44691 12669 0.0004393769701 0.049455
9.47001 12965 0.0004442471013 0.050584
9.49311 13268 0.0004668131591 0.053771
9.51613 13577 -0.0002348674661 -0.027367
9.53921 13894 0.000009515368168 0.001122
9.56233 14219 0.0001228797772 0.014653
9.58541 14551 0.0002061310963 0.024865
9.60851 14891 -0.001169131217 -0.142668
9.63161 15239 -0.001439128141 -0.177655
9.65464 15594 -0.001010581110 -0.126197
9.67778 15959 -0.0008290974828 -0.104739
9.70082 16331 -0.0005069230414 -0.064781
9.72394 16713 -0.0002021976215 -0.026140
9.74701 17103 0.0001606219904 0.021006
9.77007 17502 0.0004802438821 0.063534
9.79317 17911 0.0005356647335 0.071689
9.81624 18329 -0.00009373204051 -0.012690
9.83932 18757 -0.000001505226571 -0.000206
9.86241 19195 0.00006317806619 0.008753
9.88553 19644 0.0003542947022 0.049657
9.90857 20102 0.0006949219157 0.098527
9.93169 20572 0.0006261563917 0.089809
9.95475 21052 0.0005928140277 0.086013
9.97785 21544 0.0002572070287 0.037753
10.00093 22047 -0.00009088375056 -0.013495
10.02402 22562 -0.0001755212204 -0.026364
10.04711 23089 -0.0005365830443 -0.081534
10.07019 23628 -0.0008255256808 -0.126895
10.09328 24180 -0.0003308872492 -0.051453
10.11634 24744 0.0001235417850 0.019433
10.13943 25322 0.0001346867958 0.021433
10.16250 25913 0.0007755936965 0.124851
10.18562 26519 0.001779693768 0.289817
10.20869 27138 0.001608762829 0.265021
10.23178 27772 0.0006217536213 0.103615
10.25485 28420 0.00004483758867 0.007559
10.27794 29084 0.0004453384196 0.075948
10.30102 29763 0.0006715893239 0.115862
10.32410 30458 0.0001121436915 0.019572
10.34718 31169 -0.0001047887131 -0.018500
10.37027 31897 0.0003553345533 0.063462
10.39336 32642 0.0008707310481 0.157316
10.41643 33404 0.0005793592858 0.105888
10.43951 34184 0.0002920656580 0.054000
10.46262 34983 -0.0001335341418 -0.024976
10.48570 35800 -0.0003675903020 -0.069551
10.50879 36636 -0.0002398231066 -0.045903
10.53186 37491 -0.0002922357984 -0.056584
10.55495 38367 -0.0005540680260 -0.108528
10.57804 39263 -0.0008970558246 -0.177751
10.60112 40180 -0.0009330296281 -0.187025
10.62420 41118 -0.0004665239120 -0.094600
10.64728 42078 -0.0005548334538 -0.113813
10.67037 43061 -0.0001568155197 -0.032541
10.69344 44066 0.0003516422572 0.073816
10.71653 45095 0.0004143991555 0.088000
10.73961 46148 0.0004269446936 0.091717
10.76270 47226 0.0004172973219 0.090685
10.78579 48329 0.0004022634950 0.088433
10.80886 49457 0.00003264177068 0.007259
10.83194 50612 -0.0002644469514 -0.059493
10.85503 51794 -0.0006623708894 -0.150744
10.87812 53004 -0.0008706081933 -0.200437
10.90121 54242 -0.0006956610126 -0.162019
10.92428 55508 -0.0008842110446 -0.208321
10.94736 56804 -0.0008508240450 -0.202782
10.97045 58131 -0.0006286752147 -0.151576
10.99353 59488 -0.0001395411254 -0.034034
11.01663 60878 0.0003222781143 0.079517
11.03970 62299 0.0002494619682 0.062265
11.06279 63754 0.00004239889503 0.010706
11.08587 65243 -0.0004731710577 -0.120861
11.10895 66766 -0.0005589509528 -0.144428
11.13205 68326 -0.0004064129486 -0.106233
11.15512 69921 -0.0002265510364 -0.059906
11.17821 71554 0.0001943111331 0.051977
11.20129 73225 0.0004943402783 0.133769
11.22438 74935 0.0003609202719 0.098799
11.24746 76685 0.0005389521679 0.149247
11.27054 78475 0.0008030944861 0.224974
11.29362 80308 0.0007397546598 0.209637
11.31670 82183 0.0005013161953 0.143715
11.33980 84103 0.0005675909069 0.164604
11.36288 86067 0.0003478570946 0.102051
11.38596 88076 0.0001513049235 0.044904
11.40904 90133 -0.0002724528612 -0.081796
11.43213 92238 -0.0004510380188 -0.136983
11.45521 94392 -0.0003671848960 -0.112811
11.47829 96596 -0.0002262821878 -0.070328
11.50138 98852 -0.00003011386174 -0.009468
11.52446 101160 0.0001013656962 0.032240
11.54755 103523 0.00002208501139 0.007106
11.57063 105940 -0.0002828393534 -0.092060
11.59371 108414 -0.0002654858765 -0.087415
11.61680 110946 0.0002583134646 0.086040
11.63988 113537 0.0004373242117 0.147357
11.66296 116188 0.0002493591563 0.084997
11.68605 118901 0.00009298432743 0.032063
11.70913 121678 -0.0001210884897 -0.042239
11.73221 124519 -0.0001824399236 -0.064378
11.75530 127427 -0.0001685161230 -0.060155
11.77838 130403 0.00002989462093 0.010795
11.80147 133448 0.0001904351215 0.069567
11.82455 136564 0.0001175735607 0.043449
11.84763 139753 0.00008343619687 0.031191
11.87072 143017 0.00008371304410 0.031658
11.89380 146357 -0.0002374935168 -0.090857
11.91688 149774 -0.0001664018556 -0.064399
11.93997 153272 -0.0001645951320 -0.064439
11.96305 156851 0.00003790132627 0.015011
11.98614 160514 0.0002649300132 0.106142
12.00922 164262 0.0002688701276 0.108971
12.03230 168098 0.0001602175912 0.065689
12.05538 172023 0.0001004686343 0.041670
12.07847 176041 0.00002317850520 0.009725
12.10156 180152 0.0002186372592 0.092799
12.12463 184358 0.0001533998689 0.065865
12.14772 188664 -0.000008582913568 -0.003728
12.17080 193069 -0.0002910044140 -0.127866
12.19389 197578 -0.0004077066813 -0.181225
12.21697 202192 -0.00009486010804 -0.042655
12.24005 206913 0.0001808207183 0.082251
12.26314 211745 0.0001934762404 0.089030
12.28622 216690 0.0001929895525 0.089837
12.30931 221750 0.0001214956993 0.057213
12.33239 226928 -0.00003290226499 -0.015674
12.35547 232228 -0.0002339798732 -0.112755
12.37856 237651 -0.0003236280420 -0.157767
12.40164 243200 -0.0002546232263 -0.125568
12.42472 248879 -0.00004256356745 -0.021234
12.44781 254691 -0.00001160051602 -0.005854
12.47089 260639 0.0001557619304 0.079521
12.49397 266725 0.0001604990263 0.082890
12.51706 272954 0.00008636779178 0.045123
12.54014 279328 0.00007722760735 0.040816
12.56323 285851 0.00002785631275 0.014893
12.58631 292526 0.00008774325456 0.047457
12.60939 299357 0.0001280269539 0.070048
12.63248 306348 0.00003443778985 0.019061
12.65556 313502 -0.00005874034242 -0.032889
12.67864 320823 -0.00001634479930 -0.009258
12.70173 328315 -0.00002299588922 -0.013176
12.72481 335981 -0.000008041931348 -0.004661
12.74789 343827 -0.0001049903957 -0.061563
12.77098 351856 -0.0002103442829 -0.124771
12.79406 360073 -0.0002055039653 -0.123315
12.81714 368481 -0.00004921607604 -0.029875
12.84023 377086 0.0001344031890 0.082533
12.86331 385892 0.0001113612904 0.069178
12.88640 394903 0.000005952024962 0.003740
12.90948 404125 -0.0001505707635 -0.095719
12.93256 413562 -0.0001997596071 -0.128463
12.95565 423220 -0.0002181065765 -0.141890
12.97873 433103 -0.00008992014457 -0.059177
13.00181 443217 -0.00008840632278 -0.058856
13.02490 453567 0.00002702034289 0.018197
13.04798 464158 0.0001325509620 0.090306
13.07106 474997 0.0002684103059 0.184988
13.09415 486090 0.0004112826575 0.286747
13.11723 497441 0.0002978184759 0.210050
13.14032 509057 0.0001741780680 0.124273
13.16340 520945 0.00001983745737 0.014318
13.18648 533110 -2.465725062e-7 -0.000180
13.20957 545559 -0.00007460430321 -0.055104
13.23265 558299 -0.0001880117399 -0.140481
13.25573 571336 -0.0001523149816 -0.115130
13.27882 584678 -0.00006103963473 -0.046673
13.30190 598332 0.00007628395324 0.059007
13.32498 612304 0.0001967216091 0.153934
13.34807 626603 0.0001157947040 0.091661
13.37115 641235 -0.00005174883086 -0.041439
13.39423 656209 -0.00006142509637 -0.049758
13.41732 671533 0.00001607857853 0.013176
13.44040 687215 0.00009276064681 0.076897
13.46349 703263 0.0001383889977 0.116054
13.48657 719685 0.00003825991052 0.032458
13.50965 736491 -0.00001794706243 -0.015402
13.53274 753690 -0.00008054613776 -0.069926
13.55582 771290 -0.00009724617236 -0.085405
13.57890 789301 -0.0001129507704 -0.100348
13.60199 807733 -0.00008191204793 -0.073618
13.62507 826595 -0.00006520303529 -0.059281
13.64815 845898 -0.00002325810304 -0.021391
13.67124 865652 -0.000007953684974 -0.007400
13.69432 885866 -0.00003102143302 -0.029198
13.71740 906553 -0.00007654058013 -0.072877
13.74049 927723 -0.0001054525267 -0.101570
13.76357 949387 -0.0001442197297 -0.140523
13.78666 971557 -0.0001261034031 -0.124297
13.80974 994245 0.00009784414295 0.097562
13.83282 1017463 0.0001404478212 0.141669
13.85591 1041223 0.00007382387086 0.075330
13.87899 1065537 0.00005186211163 0.053535
13.90207 1090420 0.0001253756176 0.130921
13.92516 1115883 0.0001685400952 0.178038
13.94824 1141942 0.0001068780795 0.114212
13.97132 1168608 0.00003784225449 0.040908
13.99441 1195898 -0.00005690860619 -0.062234
14.01749 1223824 -0.00007756179271 -0.085804
14.04057 1252403 -0.00006085594944 -0.068104
14.06366 1281649 -0.00005584477525 -0.063222
14.08674 1311579 -0.00003723110162 -0.042639
14.10983 1342207 -0.00005179029708 -0.060001
14.13291 1373550 -0.00006055727814 -0.070972
14.15599 1405625 -0.00004219903986 -0.050031
14.17908 1438449 -0.00008611988650 -0.103288
14.20216 1472040 -0.0001327949929 -0.161117
14.22524 1506415 -0.0001396979195 -0.171460
14.24833 1541593 -0.00005997941518 -0.074471
14.27141 1577593 0.00002357008582 0.029605
14.29449 1614433 -0.00002151392488 -0.027336
14.31758 1652133 -0.00003928208372 -0.050491
14.34066 1690714 -0.00002480455905 -0.032253
14.36374 1730195 0.00003296574420 0.043362
14.38683 1770599 0.00002510841155 0.033410
14.40991 1811946 0.00006568382847 0.088416
14.43300 1854259 0.0001331460815 0.181307
14.45608 1897559 0.0001465356457 0.201856
14.47916 1941871 0.0001146440018 0.159758
14.50225 1987218 0.00007841775347 0.110545
14.52533 2033624 0.0001100672074 0.156962
14.54841 2081113 0.00007418990530 0.107027
14.57150 2129711 0.00002503820782 0.036540
14.59458 2179444 0.00003643331446 0.053786
14.61766 2230339 0.00002114936954 0.031585
14.64075 2282422 -0.00002207650242 -0.033352
14.66383 2335721 -0.00005969336979 -0.091230
14.68691 2390265 -0.00008962053783 -0.138558
14.71000 2446082 -0.00009141940340 -0.142980
14.73308 2503203 -0.00004895920748 -0.077461
14.75617 2561658 0.00002868910214 0.045917
14.77925 2621478 0.00003104433519 0.050264
14.80233 2682695 0.00003975579076 0.065116
14.82542 2745342 0.00004850403525 0.080367
14.84850 2809451 0.00001607778060 0.026949
14.87158 2875058 0.00003732594028 0.063290
14.89467 2942196 0.00003122425844 0.053558
14.91775 3010902 0.000002538940280 0.004406
14.94083 3081213 -0.00005394081060 -0.094684
14.96392 3153166 -0.00007380061422 -0.131049
14.98700 3226799 -0.00005729736722 -0.102925
15.01008 3302151 -0.00007942978766 -0.144338
15.03317 3379263 -0.0001038287928 -0.190866
15.05625 3458176 -0.0001009325802 -0.187696
15.07934 3538931 -0.00003307073816 -0.062213
15.10242 3621572 0.00002924466201 0.055654
15.12550 3706144 0.00005220732832 0.100506
15.14859 3792690 0.00009071792721 0.176672
15.17167 3881257 0.00006476741480 0.127598
15.19475 3971892 0.00002060189406 0.041059
15.21784 4064644 -0.00002365843435 -0.047698
15.24092 4159562 -0.00002590067824 -0.052824
15.26400 4256696 -0.00001962225028 -0.040484
15.28709 4356099 -0.00007864212731 -0.164136
15.31017 4457822 -0.00006030187239 -0.127319
15.33325 4561922 -0.000005962394320 -0.012735
15.35634 4668452 0.00002880877745 0.062246
15.37942 4777470 0.00007111721225 0.155444
15.40251 4889034 0.00006468360245 0.143023
15.42559 5003202 0.00003954636118 0.088457
15.44867 5120037 0.000001279778892 0.002896
15.47176 5239601 0.00001679487142 0.038444
15.49484 5361956 0.00003908142834 0.090497
15.51792 5487169 0.000004408783721 0.010327
15.54101 5615306 -0.00007281183147 -0.172540
15.56409 5746434 -0.00007073985899 -0.169576
15.58717 5880625 -0.00003266438309 -0.079211
15.61026 6017950 0.00002332930557 0.057230
15.63334 6158482 0.00003721376077 0.092351
15.65642 6302295 -3.397673571e-8 -0.000085
15.67951 6449466 0.00001218047029 0.030933
15.70259 6600075 0.00002412369048 0.061975
15.72568 6754200 0.00003893064528 0.101176
15.74876 6911924 0.00007551299708 0.198528
15.77184 7073332 0.00008075551879 0.214775
15.79493 7238509 0.00001375505450 0.037007
15.81801 7407543 -0.00004516478362 -0.122924
15.84109 7580524 -0.00007017780522 -0.193219
15.86418 7757545 -0.00005053936057 -0.140764
15.88726 7938699 -0.00004076950670 -0.114871
15.91034 8124084 -0.00001788033641 -0.050964
15.93343 8313798 0.00004293690681 0.123803
15.95651 8507942 0.00006590972441 0.192248
15.97959 8706620 0.00005032117218 0.148483
16.00268 8909938 0.00001387628255 0.041420
16.02576 9118003 -0.00002930413073 -0.088487
16.04884 9330927 -0.00007990310290 -0.244077
16.07193 9548823 -0.00006649562702 -0.205479
16.09501 9771808 -0.00004334694519 -0.135502
16.11810 10000000 -0.00002764626524 -0.087425
