logY Y Sw sqrtY_times_Sw
6.90675 999 0.00003793626798 0.001199
6.93049 1023 -0.001657724733 -0.053021
6.95368 1047 -0.002919764878 -0.094476
6.97635 1071 -0.003680927091 -0.120463
6.99942 1096 -0.003134290073 -0.103763
7.02287 1122 -0.001160906669 -0.038886
7.04578 1148 -0.001373450947 -0.046535
7.06902 1175 -0.001216015219 -0.041683
7.09174 1202 0.0008883082532 0.030798
7.11477 1230 0.001531643817 0.053717
7.13807 1259 0.000004735525688 0.000168
7.16162 1289 -0.003222429816 -0.115694
7.18463 1319 -0.007103085895 -0.257970
7.20712 1349 -0.009110974852 -0.334635
7.23056 1381 -0.007272385340 -0.270255
7.25347 1413 -0.003330879244 -0.125207
7.27656 1446 0.0009244768584 0.035154
7.29980 1480 0.002152328604 0.082802
7.32317 1515 0.003981502883 0.154972
7.34601 1550 0.004689335319 0.184619
7.36897 1586 0.002830188786 0.112711
7.39203 1623 0.0008944615356 0.036035
7.41518 1661 -0.001354106682 -0.055187
7.43838 1700 -0.0002289100886 -0.009438
7.46164 1740 0.002149665457 0.089670
7.48437 1780 0.002931028503 0.123660
7.50769 1822 0.002860337364 0.122093
7.53048 1864 0.001097313717 0.047375
7.55381 1908 0.0009746352287 0.042573
7.57712 1953 0.001258809485 0.055630
7.59990 1998 0.002261944862 0.101107
7.62315 2045 0.002413886097 0.109160
7.64635 2093 0.001614784663 0.073875
7.66950 2142 0.0007046023693 0.032610
7.69257 2192 0.001657146185 0.077586
7.71557 2243 0.001211990293 0.057400
7.73849 2295 0.001578114729 0.075601
7.76174 2349 0.001731608283 0.083925
7.78489 2404 0.0005544109355 0.027183
7.80792 2460 0.0001616300049 0.008017
7.83082 2517 0.0001900315718 0.009534
7.85399 2576 0.0003812545028 0.019350
7.87702 2636 0.002133309533 0.109528
7.90027 2698 0.003247567145 0.168686
7.92335 2761 0.002961463608 0.155611
7.94626 2825 0.001093120563 0.058100
7.96936 2891 0.0002926600350 0.015736
7.99261 2959 -0.001603749381 -0.087239
8.01566 3028 -0.003965873927 -0.218231
8.03883 3099 -0.003455135766 -0.192343
8.06180 3171 -0.001914546483 -0.107811
8.08487 3245 -0.001093149831 -0.062271
8.10802 3321 -0.001514968028 -0.087305
8.13094 3398 -0.002918742247 -0.170140
8.15421 3478 -0.004079001765 -0.240557
8.17723 3559 -0.002477191520 -0.147783
8.20029 3642 -0.001098181460 -0.066274
8.22336 3727 -0.001606301633 -0.098063
8.24643 3814 -0.002338387233 -0.144413
8.26950 3903 -0.003142658939 -0.196334
8.29255 3994 -0.001712606114 -0.108233
8.31581 4088 -0.0002183659510 -0.013962
8.33878 4183 0.0009109296192 0.058915
8.36194 4281 0.001823005288 0.119278
8.38503 4381 0.001061425880 0.070255
8.40805 4483 0.0004509154259 0.030191
8.43120 4588 0.0001521952717 0.010309
8.45425 4695 -0.0002528226295 -0.017323
8.47741 4805 0.0001623290076 0.011252
8.50045 4917 0.0005126094616 0.035945
8.52357 5032 0.0009108835748 0.064615
8.54656 5149 0.001292868534 0.092772
8.56960 5269 0.0008819797705 0.064021
8.59267 5392 0.0006614532540 0.048571
8.61577 5518 0.0001991212110 0.014791
8.63888 5647 0.001305906992 0.098134
8.66199 5779 0.002314672482 0.175961
8.68508 5914 0.002108778311 0.162170
8.70814 6052 0.001294294081 0.100689
8.73134 6194 -0.00004751274576 -0.003739
8.75432 6338 -0.0003743305339 -0.029801
8.77740 6486 -0.0003604834422 -0.029032
8.80057 6638 0.0003713037562 0.030252
8.82365 6793 0.0005115565089 0.042162
8.84664 6951 0.0006303562430 0.052554
8.86982 7114 0.0003339945392 0.028171
8.89289 7280 0.0003135509949 0.026753
8.91597 7450 0.0008400140457 0.072504
8.93906 7624 0.0008120583499 0.070905
8.96214 7802 0.0008133651436 0.071844
8.98519 7984 0.001099192085 0.098216
9.00835 8171 -0.0002552892085 -0.023077
9.03133 8361 -0.001639998127 -0.149959
9.05450 8557 -0.001356872594 -0.125516
9.07761 8757 -0.0009724876842 -0.091004
9.10064 8961 -0.0001926183379 -0.018234
9.12369 9170 0.0006195369131 0.059327
9.14676 9384 0.0001721459562 0.016676
9.16993 9604 0.0001804372546 0.017683
9.19299 9828 0.0005025292856 0.049819
9.21602 10057 0.000007566735066 0.000759
9.23912 10292 0.0001973882621 0.020025
9.26227 10533 0.0006376278783 0.065440
9.28536 10779 0.0006886989719 0.071502
9.30837 11030 0.0002696414402 0.028319
9.33150 11288 -0.0004278439742 -0.045456
9.35453 11551 -0.0007869022306 -0.084573
9.37763 11821 -0.0007460654604 -0.081116
9.40071 12097 -0.0009610656731 -0.105704
9.42384 12380 -0.0006067316144 -0.067508
9.44691 12669 -0.0002866955337 -0.032269
9.47001 12965 -0.0004889667516 -0.055676
9.49311 13268 -0.001178320103 -0.135727
9.51613 13577 -0.001390092394 -0.161974
9.53921 13894 -0.001304495926 -0.153765
9.56233 14219 -0.0007830169031 -0.093370
9.58541 14551 -0.0004587815672 -0.055342
9.60851 14891 -0.0003169236468 -0.038674
9.63161 15239 -0.0002588866195 -0.031959
9.65464 15594 -0.0001734543644 -0.021660
9.67778 15959 -0.0001189703705 -0.015029
9.70082 16331 -0.00009414869403 -0.012032
9.72394 16713 0.0001522341629 0.019681
9.74701 17103 -0.0003146794526 -0.041153
9.77007 17502 -0.0003823353123 -0.050581
9.79317 17911 0.0003764207027 0.050377
9.81624 18329 0.0005004263799 0.067750
9.83932 18757 0.001041394514 0.142625
9.86241 19195 0.001768661625 0.245041
9.88553 19644 0.001509414403 0.211555
9.90857 20102 0.0005620842375 0.079693
9.93169 20572 0.0003329702434 0.047758
9.95475 21052 0.0004157516456 0.060323
9.97785 21544 0.0004116938327 0.060428
10.00093 22047 0.0002553156292 0.037910
10.02402 22562 0.0004459451520 0.066984
10.04711 23089 0.0002885414809 0.043844
10.07019 23628 0.0001626636457 0.025004
10.09328 24180 0.0001301513343 0.020238
10.11634 24744 -0.0002037824023 -0.032055
10.13943 25322 -0.0003098347939 -0.049304
10.16250 25913 0.00004624305404 0.007444
10.18562 26519 0.0002345037331 0.038188
10.20869 27138 0.0002107493471 0.034718
10.23178 27772 0.0003219741278 0.053657
10.25485 28420 0.0003045737197 0.051346
10.27794 29084 0.0004283623001 0.073053
10.30102 29763 -0.0002112203438 -0.036440
10.32410 30458 -0.0008964631097 -0.156453
10.34718 31169 -0.0006912687826 -0.122042
10.37027 31897 -0.0001879081052 -0.033560
10.39336 32642 0.0002418476437 0.043695
10.41643 33404 0.0004454851731 0.081420
10.43951 34184 0.0003056576312 0.056513
10.46262 34983 0.00003678478015 0.006880
10.48570 35800 -0.0002571273907 -0.048651
10.50879 36636 -0.0004045247407 -0.077428
10.53186 37491 -0.0001076503997 -0.020844
10.55495 38367 0.0002421822439 0.047437
10.57804 39263 0.0002290443499 0.045385
10.60112 40180 -0.00004645290742 -0.009311
10.62420 41118 0.000004156160754 0.000843
10.64728 42078 0.0001797082034 0.036863
10.67037 43061 -0.0002368582024 -0.049151
10.69344 44066 -0.0006456366273 -0.135531
10.71653 45095 -0.0009710508046 -0.206208
10.73961 46148 -0.0009069638593 -0.194835
10.76270 47226 -0.0005846583510 -0.127055
10.78579 48329 -0.0003048467703 -0.067017
10.80886 49457 -0.00006254832273 -0.013910
10.83194 50612 -0.0001288989925 -0.028999
10.85503 51794 -0.0002025436870 -0.046095
10.87812 53004 -0.0001082245215 -0.024916
10.90121 54242 -0.0002125178240 -0.049495
10.92428 55508 -0.0003715454018 -0.087537
10.94736 56804 -0.00002616881685 -0.006237
10.97045 58131 0.0003619779150 0.087274
10.99353 59488 0.0005843200273 0.142517
11.01663 60878 0.0006704789377 0.165430
11.03970 62299 0.0002408599209 0.060118
11.06279 63754 -0.0003627688068 -0.091598
11.08587 65243 -0.0005806295442 -0.148309
11.10895 66766 -0.0002727246855 -0.070470
11.13205 68326 0.0002109667602 0.055145
11.15512 69921 0.0006132350124 0.162155
11.17821 71554 0.0007897920807 0.211266
11.20129 73225 0.0005656334227 0.153061
11.22438 74935 0.0003758840598 0.102895
11.24746 76685 0.0003390603337 0.093893
11.27054 78475 0.0002356978372 0.066027
11.29362 80308 -0.00007799797045 -0.022104
11.31670 82183 -0.0002580512015 -0.073977
11.33980 84103 -0.0005433157684 -0.157564
11.36288 86067 -0.0005469846362 -0.160470
11.38596 88076 -0.0001160830724 -0.034451
11.40904 90133 0.0002753944795 0.082679
11.43213 92238 0.0005921001441 0.179825
11.45521 94392 0.0006914381061 0.212432
11.47829 96596 0.0007176757476 0.223053
11.50138 98852 0.0005387427221 0.169385
11.52446 101160 0.0004685905280 0.149038
11.54755 103523 0.0002391898216 0.076959
11.57063 105940 -0.00001239994088 -0.004036
11.59371 108414 0.0002062073460 0.067896
11.61680 110946 0.00007240160301 0.024116
11.63988 113537 -0.0001658269666 -0.055876
11.66296 116188 -0.0002832507905 -0.096550
11.68605 118901 -0.0005641322645 -0.194524
11.70913 121678 -0.0004608988376 -0.160772
11.73221 124519 -0.0001307757701 -0.046147
11.75530 127427 0.00006878408801 0.024554
11.77838 130403 0.00003402704646 0.012288
11.80147 133448 -0.00008539768791 -0.031196
11.82455 136564 -0.0003996933258 -0.147705
11.84763 139753 -0.0004093462049 -0.153028
11.87072 143017 -0.0005198341764 -0.196589
11.89380 146357 -0.0005166092795 -0.197637
11.91688 149774 -0.0005378001907 -0.208132
11.93997 153272 -0.0003650420149 -0.142914
11.96305 156851 -0.0003201952272 -0.126811
11.98614 160514 -0.0002185702387 -0.087568
12.00922 164262 0.00004946811555 0.020049
12.03230 168098 0.0002408135918 0.098733
12.05538 172023 0.0002314846983 0.096010
12.07847 176041 0.0002234393771 0.093749
12.10156 180152 0.0003112013696 0.132087
12.12463 184358 0.00005312414578 0.022810
12.14772 188664 -0.0001757814137 -0.076351
12.17080 193069 -0.0003756384711 -0.165054
12.19389 197578 -0.0002978390464 -0.132389
12.21697 202192 0.00004845006702 0.021786
12.24005 206913 0.0001894549745 0.086179
12.26314 211745 0.0002064609536 0.095005
12.28622 216690 0.00009970033090 0.046410
12.30931 221750 0.0001227536704 0.057805
12.33239 226928 0.0001956013722 0.093179
12.35547 232228 0.0001057822905 0.050977
12.37856 237651 0.0001934043465 0.094284
12.40164 243200 0.0002135364811 0.105306
12.42472 248879 0.0001599452592 0.079793
12.44781 254691 0.0001777702141 0.089715
12.47089 260639 0.0002377926427 0.121400
12.49397 266725 0.0002668128903 0.137797
12.51706 272954 0.0002360877645 0.123344
12.54014 279328 0.0001813086569 0.095824
12.56323 285851 0.0001501763379 0.080292
12.58631 292526 -0.000004565303152 -0.002469
12.60939 299357 -0.0001169594433 -0.063993
12.63248 306348 -0.0001518951299 -0.084072
12.65556 313502 0.00001652007103 0.009250
12.67864 320823 -0.00002545539843 -0.014418
12.70173 328315 -0.0001035284824 -0.059321
12.72481 335981 -0.00005391577369 -0.031252
12.74789 343827 -0.000006677902073 -0.003916
12.77098 351856 0.00002713868671 0.016098
12.79406 360073 -0.00005984314499 -0.035910
12.81714 368481 -0.00005024880316 -0.030502
12.84023 377086 -0.00006328134341 -0.038859
12.86331 385892 0.000002503325503 0.001555
12.88640 394903 0.00002948979113 0.018532
12.90948 404125 -0.00007074902306 -0.044976
12.93256 413562 -0.0001150170015 -0.073966
12.95565 423220 -0.0001963562679 -0.127740
12.97873 433103 -0.0002115980314 -0.139254
13.00181 443217 -0.00008969072060 -0.059711
13.02490 453567 -0.000001217592024 -0.000820
13.04798 464158 0.00004841574039 0.032985
13.07106 474997 0.00009674694078 0.066678
13.09415 486090 0.0001394654083 0.097235
13.11723 497441 0.0001347167220 0.095015
13.14032 509057 0.00008697829264 0.062057
13.16340 520945 0.00002425309492 0.017505
13.18648 533110 -0.00001719990612 -0.012558
13.20957 545559 -0.0001569148699 -0.115900
13.23265 558299 -0.0002274824505 -0.169974
13.25573 571336 -0.0001154976486 -0.087301
13.27882 584678 -0.00004219012270 -0.032260
13.30190 598332 -0.00001437240130 -0.011117
13.32498 612304 -0.00003787798177 -0.029639
13.34807 626603 -0.00008086066500 -0.064008
13.37115 641235 -0.00006842904332 -0.054796
13.39423 656209 -0.00008601284253 -0.069676
13.41732 671533 -0.0001408126900 -0.115392
13.44040 687215 -0.0001642038518 -0.136122
13.46349 703263 -0.00009141341492 -0.076660
13.48657 719685 0.00001655011465 0.014040
13.50965 736491 0.0001207622235 0.103637
13.53274 753690 0.0001328313875 0.115318
13.55582 771290 0.00004012063292 0.035235
13.57890 789301 -0.00004876536869 -0.043324
13.60199 807733 -0.00004314778041 -0.038779
13.62507 826595 0.00004290805612 0.039011
13.64815 845898 0.00004527357655 0.041639
13.67124 865652 -0.00004109848575 -0.038238
13.69432 885866 6.880276182e-7 0.000648
13.71740 906553 0.0001274601190 0.121359
13.74049 927723 0.0002251318123 0.216843
13.76357 949387 0.0002312103925 0.225283
13.78666 971557 0.0001738708614 0.171380
13.80974 994245 0.0001368260923 0.136432
13.83282 1017463 0.00006229473295 0.062836
13.85591 1041223 0.0001207525419 0.123216
13.87899 1065537 0.0001656854821 0.171029
13.90207 1090420 0.0001260308075 0.131605
13.92516 1115883 0.00007245988013 0.076543
13.94824 1141942 0.00002382859596 0.025464
13.97132 1168608 -0.00002444809165 -0.026429
13.99441 1195898 -0.0001244997619 -0.136149
14.01749 1223824 -0.0001451313500 -0.160554
14.04057 1252403 -0.0001261355852 -0.141159
14.06366 1281649 -0.00003196770112 -0.036191
14.08674 1311579 0.00002736530303 0.031340
14.10983 1342207 0.00001944496155 0.022528
14.13291 1373550 -0.000007335361223 -0.008597
14.15599 1405625 -0.00001716130966 -0.020346
14.17908 1438449 -0.000007040640536 -0.008444
14.20216 1472040 -0.00005812583956 -0.070523
14.22524 1506415 -0.00006642657312 -0.081529
14.24833 1541593 -0.00006272853320 -0.077884
14.27141 1577593 -0.00005023933474 -0.063102
14.29449 1614433 -0.00006345277928 -0.080623
14.31758 1652133 -0.00009604642927 -0.123454
14.34066 1690714 -0.00007436926502 -0.096700
14.36374 1730195 -0.00005379394984 -0.070759
14.38683 1770599 -0.00004050397647 -0.053896
14.40991 1811946 -0.00003860775855 -0.051969
14.43300 1854259 -0.00001944315603 -0.026476
14.45608 1897559 -0.00002001169833 -0.027566
14.47916 1941871 -0.000005250319563 -0.007316
14.50225 1987218 -0.00005288083969 -0.074545
14.52533 2033624 -0.00003974117443 -0.056673
14.54841 2081113 -0.00003325982525 -0.047981
14.57150 2129711 -0.00006872813723 -0.100299
14.59458 2179444 -0.0001070697210 -0.158066
14.61766 2230339 -0.00005588045929 -0.083454
14.64075 2282422 0.000005998392908 0.009062
14.66383 2335721 0.00005485459864 0.083835
14.68691 2390265 0.00008631292723 0.133444
14.71000 2446082 0.0001078653699 0.168701
14.73308 2503203 0.00009330706976 0.147626
14.75617 2561658 0.00005854016908 0.093695
14.77925 2621478 0.00005427607255 0.087878
14.80233 2682695 0.00005064691255 0.082954
14.82542 2745342 0.00006535121166 0.108281
14.84850 2809451 0.00008475974524 0.142069
14.87158 2875058 0.00005169366637 0.087652
14.89467 2942196 -0.00002538464037 -0.043542
14.91775 3010902 -0.00007690613070 -0.133447
14.94083 3081213 -0.00006375969483 -0.111920
14.96392 3153166 -0.00001940280527 -0.034454
14.98700 3226799 0.000009110527661 0.016366
15.01008 3302151 0.00003257207403 0.059189
15.03317 3379263 0.00002595879660 0.047719
15.05625 3458176 0.00006712371483 0.124824
15.07934 3538931 0.00008586345320 0.161527
15.10242 3621572 0.00003666299829 0.069771
15.12550 3706144 0.00003375510500 0.064983
15.14859 3792690 0.00004617359124 0.089922
15.17167 3881257 0.000002720369319 0.005359
15.19475 3971892 -0.00005300447494 -0.105636
15.21784 4064644 -0.00003146947085 -0.063445
15.24092 4159562 -0.00001095316349 -0.022339
15.26400 4256696 0.00001467556816 0.030278
15.28709 4356099 -0.000001221154502 -0.002549
15.31017 4457822 -0.00001736714089 -0.036668
15.33325 4561922 0.000004235127908 0.009046
15.35634 4668452 0.00003363750190 0.072679
15.37942 4777470 0.00002413572046 0.052754
15.40251 4889034 0.00002062228107 0.045598
15.42559 5003202 0.000003662095192 0.008191
15.44867 5120037 -0.00003245253026 -0.073432
15.47176 5239601 -0.00006392568469 -0.146327
15.49484 5361956 -0.00006544265971 -0.151538
15.51792 5487169 -0.00007646242456 -0.179111
15.54101 5615306 -0.00008377228345 -0.198512
15.56409 5746434 -0.00004757905362 -0.114055
15.58717 5880625 -0.000001510685177 -0.003663
15.61026 6017950 0.00001539822004 0.037774
15.63334 6158482 0.00002923105428 0.072541
15.65642 6302295 0.00002223785910 0.055827
15.67951 6449466 0.00001472337958 0.037391
15.70259 6600075 -0.000002637864158 -0.006777
15.72568 6754200 -0.000003725835650 -0.009683
15.74876 6911924 -0.00001234329441 -0.032451
15.77184 7073332 -0.00003398008205 -0.090373
15.79493 7238509 -0.00003351591326 -0.090173
15.81801 7407543 -0.00005199375942 -0.141510
15.84109 7580524 -0.00003151640672 -0.086773
15.86418 7757545 -0.00002855062795 -0.079520
15.88726 7938699 -0.00003735877297 -0.105261
15.91034 8124084 -0.00001922522973 -0.054797
15.93343 8313798 0.00001968965341 0.056772
15.95651 8507942 0.00003186455104 0.092944
15.97959 8706620 0.00002396729160 0.070720
16.00268 8909938 0.00002683528200 0.080102
16.02576 9118003 0.000002387238330 0.007209
16.04884 9330927 -0.000006963522665 -0.021271
16.07193 9548823 -0.000008912196017 -0.027540
16.09501 9771808 -0.00001260348989 -0.039398
16.11810 10000000 6.886239298e-8 0.000218
