logY Y Sw sqrtY_times_Sw
6.90675 999 0.002676008668 0.084581
6.93049 1023 0.0003046045627 0.009743
6.95368 1047 0.0009966671449 0.032250
6.97635 1071 0.002737344202 0.089583
6.99942 1096 0.003155192859 0.104455
7.02287 1122 0.002619659817 0.087749
7.04578 1148 0.0007172957106 0.024304
7.06902 1175 -0.0004899949025 -0.016796
7.09174 1202 -0.003999380589 -0.138658
7.11477 1230 -0.005719189864 -0.200580
7.13807 1259 -0.006055273288 -0.214856
7.16162 1289 -0.006143072873 -0.220553
7.18463 1319 -0.007822537030 -0.284099
7.20712 1349 -0.009387566646 -0.344793
7.23056 1381 -0.009991982071 -0.371320
7.25347 1413 -0.008005102964 -0.300911
7.27656 1446 -0.005989697203 -0.227766
7.29980 1480 -0.003902266363 -0.150123
7.32317 1515 -0.0003081560500 -0.011994
7.34601 1550 0.003769907997 0.148421
7.36897 1586 0.002213703852 0.088160
7.39203 1623 -0.0006818705951 -0.027470
7.41518 1661 -0.005384658601 -0.219454
7.43838 1700 -0.009460966713 -0.390086
7.46164 1740 -0.009900682819 -0.412990
7.48437 1780 -0.008447585839 -0.356404
7.50769 1822 -0.006718710743 -0.286787
7.53048 1864 -0.003496942072 -0.150977
7.55381 1908 -0.002204200073 -0.096281
7.57712 1953 0.002076805007 0.091780
7.59990 1998 0.004698105988 0.210001
7.62315 2045 0.005334519516 0.241236
7.64635 2093 0.004194225241 0.191883
7.66950 2142 0.005683083860 0.263023
7.69257 2192 0.004143805127 0.194008
7.71557 2243 0.002787288945 0.132007
7.73849 2295 0.005929072541 0.284039
7.76174 2349 0.008334742279 0.403956
7.78489 2404 0.006120320734 0.300083
7.80792 2460 0.001974738172 0.097944
7.83082 2517 0.001297620915 0.065101
7.85399 2576 0.001559066399 0.079129
7.87702 2636 0.002798943797 0.143703
7.90027 2698 0.003966957792 0.206053
7.92335 2761 0.005094032161 0.267667
7.94626 2825 0.004617779224 0.245438
7.96936 2891 0.002640556114 0.141977
7.99261 2959 0.001995248602 0.108535
8.01566 3028 0.001915612411 0.105411
8.03883 3099 -0.0007114590501 -0.039606
8.06180 3171 -0.002564477038 -0.144410
8.08487 3245 -0.001858181433 -0.105851
8.10802 3321 -0.001076329838 -0.062027
8.13094 3398 -0.0003778964921 -0.022028
8.15421 3478 0.001873342288 0.110480
8.17723 3559 0.003436973710 0.205041
8.20029 3642 0.003182920307 0.192086
8.22336 3727 0.002516299530 0.153618
8.24643 3814 0.001732040551 0.106967
8.26950 3903 0.0003493078234 0.021823
8.29255 3994 -0.001755223731 -0.110927
8.31581 4088 -0.003314382113 -0.211913
8.33878 4183 -0.002475151716 -0.160083
8.36194 4281 -0.001169621188 -0.076528
8.38503 4381 0.00003789916114 0.002509
8.40805 4483 -0.001907997950 -0.127750
8.43120 4588 -0.001611543082 -0.109158
8.45425 4695 -0.001820214579 -0.124721
8.47741 4805 -0.001380021028 -0.095660
8.50045 4917 -0.003288047513 -0.230562
8.52357 5032 -0.004654217108 -0.330154
8.54656 5149 -0.004513189716 -0.323851
8.56960 5269 -0.005320468794 -0.386202
8.59267 5392 -0.004623648506 -0.339516
8.61577 5518 -0.003191273249 -0.237058
8.63888 5647 -0.003188903789 -0.239635
8.66199 5779 -0.004070999722 -0.309476
8.68508 5914 -0.004273673173 -0.328656
8.70814 6052 -0.003105682352 -0.241605
8.73134 6194 -0.001128606801 -0.088824
8.75432 6338 0.001557142716 0.123967
8.77740 6486 0.002996530180 0.241328
8.80057 6638 0.003475806977 0.283188
8.82365 6793 0.002553475673 0.210457
8.84664 6951 0.002503604875 0.208732
8.86982 7114 0.002212747691 0.186633
8.89289 7280 0.001674444985 0.142869
8.91597 7450 0.001332050465 0.114974
8.93906 7624 0.0008240188514 0.071950
8.96214 7802 -0.0002942188582 -0.025988
8.98519 7984 0.0009359951132 0.083634
9.00835 8171 0.002315004273 0.209262
9.03133 8361 0.001549233586 0.141660
9.05450 8557 0.0009980260095 0.092321
9.07761 8757 0.001958599609 0.183283
9.10064 8961 0.002523639345 0.238894
9.12369 9170 0.001163250725 0.111393
9.14676 9384 0.0004373803003 0.042369
9.16993 9604 0.001302055780 0.127601
9.19299 9828 0.002779875154 0.275586
9.21602 10057 0.002192565183 0.219881
9.23912 10292 0.0007897519207 0.080120
9.26227 10533 0.0008247140545 0.084641
9.28536 10779 0.002346531618 0.243622
9.30837 11030 0.002569026486 0.269809
9.33150 11288 0.001798091753 0.191038
9.35453 11551 0.001487577726 0.159878
9.37763 11821 0.0005005760652 0.054425
9.40071 12097 0.0003393749957 0.037327
9.42384 12380 0.0002397636332 0.026677
9.44691 12669 -0.001381941121 -0.155547
9.47001 12965 -0.002022386643 -0.230277
9.49311 13268 -0.002010483369 -0.231581
9.51613 13577 -0.0009639741204 -0.112323
9.53921 13894 -0.0004584758639 -0.054042
9.56233 14219 -0.0001961340790 -0.023388
9.58541 14551 0.0004990167578 0.060195
9.60851 14891 -0.0001464592352 -0.017872
9.63161 15239 -0.001051929951 -0.129857
9.65464 15594 -0.001218461666 -0.152157
9.67778 15959 -0.001544751845 -0.195147
9.70082 16331 -0.001832277001 -0.234152
9.72394 16713 -0.002328431939 -0.301017
9.74701 17103 -0.001800565399 -0.235475
9.77007 17502 -0.001409614504 -0.186485
9.79317 17911 -0.001048664408 -0.140345
9.81624 18329 -0.001790847446 -0.242453
9.83932 18757 -0.002971606142 -0.406980
9.86241 19195 -0.002751572817 -0.381219
9.88553 19644 -0.001832293329 -0.256809
9.90857 20102 -0.0008213163569 -0.116447
9.93169 20572 -0.0002649822393 -0.038006
9.95475 21052 0.0003260464101 0.047307
9.97785 21544 -0.0003350314887 -0.049176
10.00093 22047 -0.0009710991052 -0.144191
10.02402 22562 -0.0003514758335 -0.052794
10.04711 23089 -0.00008482419418 -0.012889
10.07019 23628 0.0003032381691 0.046612
10.09328 24180 0.001475610611 0.229456
10.11634 24744 0.001989735050 0.312990
10.13943 25322 0.002249443413 0.357951
10.16250 25913 0.002175453128 0.350194
10.18562 26519 0.002290152632 0.372943
10.20869 27138 0.0008534136255 0.140588
10.23178 27772 -0.0002139633146 -0.035657
10.25485 28420 -0.0004393220587 -0.074062
10.27794 29084 -0.0001869423529 -0.031881
10.30102 29763 -0.00008267634876 -0.014263
10.32410 30458 0.0002320215688 0.040493
10.34718 31169 0.001024363822 0.180849
10.37027 31897 0.002119230841 0.378489
10.39336 32642 0.002490183222 0.449904
10.41643 33404 0.002534176886 0.463165
10.43951 34184 0.001880035634 0.347598
10.46262 34983 0.0004764519407 0.089114
10.48570 35800 -0.0006889997665 -0.130365
10.50879 36636 -0.0001348031531 -0.025802
10.53186 37491 0.0004288437258 0.083035
10.55495 38367 0.0004234557941 0.082944
10.57804 39263 -0.00001457802240 -0.002889
10.60112 40180 -0.0004666095881 -0.093532
10.62420 41118 -0.0004408094450 -0.089385
10.64728 42078 -0.0006677163288 -0.136968
10.67037 43061 -0.0003934789819 -0.081651
10.69344 44066 0.0003781316313 0.079377
10.71653 45095 0.0006479629840 0.137599
10.73961 46148 0.0003636164457 0.078112
10.76270 47226 0.00002389805891 0.005193
10.78579 48329 -0.0008882870845 -0.195280
10.80886 49457 -0.001109233584 -0.246682
10.83194 50612 -0.001281975927 -0.288408
10.85503 51794 -0.001158929693 -0.263753
10.87812 53004 -0.0005735379366 -0.132043
10.90121 54242 -0.00003607399714 -0.008402
10.92428 55508 -0.00008916657828 -0.021008
10.94736 56804 0.00009842225103 0.023458
10.97045 58131 0.0002371663806 0.057182
10.99353 59488 0.0006193177055 0.151053
11.01663 60878 0.0002837240735 0.070005
11.03970 62299 -0.0001200810324 -0.029972
11.06279 63754 -0.001315444476 -0.332144
11.08587 65243 -0.002375074836 -0.606658
11.10895 66766 -0.002271554069 -0.586950
11.13205 68326 -0.001428641799 -0.373436
11.15512 69921 -0.0008994011727 -0.237825
11.17821 71554 -0.0003373776606 -0.090247
11.20129 73225 -0.0001525641385 -0.041284
11.22438 74935 -0.0001470362611 -0.040250
11.24746 76685 -0.0003346289063 -0.092666
11.27054 78475 -0.0004931296910 -0.138142
11.29362 80308 -0.0001331535575 -0.037734
11.31670 82183 -0.00007094531621 -0.020338
11.33980 84103 -0.000005030517891 -0.001459
11.36288 86067 0.00003964050763 0.011629
11.38596 88076 0.0003963767145 0.117635
11.40904 90133 0.0002926083056 0.087847
11.43213 92238 0.0006391531927 0.194115
11.45521 94392 0.0007799665527 0.239631
11.47829 96596 0.0008732430166 0.271403
11.50138 98852 0.001092284904 0.343422
11.52446 101160 0.001272255245 0.404649
11.54755 103523 0.001303767288 0.419487
11.57063 105940 0.001522721192 0.495622
11.59371 108414 0.001390440925 0.457820
11.61680 110946 0.001220593371 0.406562
11.63988 113537 0.0008759063312 0.295139
11.66296 116188 0.0004513226230 0.153839
11.68605 118901 0.00003655837536 0.012606
11.70913 121678 -0.00006910932495 -0.024107
11.73221 124519 -0.00009973666417 -0.035194
11.75530 127427 -0.00009586126776 -0.034220
11.77838 130403 -0.00007932171302 -0.028644
11.80147 133448 -0.0001098825451 -0.040141
11.82455 136564 -0.0002271573649 -0.083945
11.84763 139753 -0.0003077133001 -0.115034
11.87072 143017 -0.00009302246385 -0.035179
11.89380 146357 -0.0004966912476 -0.190017
11.91688 149774 -0.0006477368012 -0.250678
11.93997 153272 -0.0003914057183 -0.153235
11.96305 156851 -0.00004202352655 -0.016643
11.98614 160514 0.0003966898716 0.158931
12.00922 164262 0.0004795898663 0.194374
12.03230 168098 0.0002298462992 0.094236
12.05538 172023 -0.00009661272311 -0.040071
12.07847 176041 -0.0003105842139 -0.130313
12.10156 180152 -0.0002337951626 -0.099233
12.12463 184358 -0.0001890840467 -0.081187
12.14772 188664 -0.0004786341817 -0.207897
12.17080 193069 -0.0005090126835 -0.223658
12.19389 197578 -0.0006098942157 -0.271096
12.21697 202192 -0.0005682150845 -0.255502
12.24005 206913 -0.0004852874403 -0.220746
12.26314 211745 -0.0006432196346 -0.295982
12.28622 216690 -0.0006060643996 -0.282123
12.30931 221750 -0.0005071368867 -0.238812
12.33239 226928 -0.0003213972107 -0.153104
12.35547 232228 -0.0001739704188 -0.083836
12.37856 237651 -0.0002828598791 -0.137893
12.40164 243200 -0.0001841319529 -0.090805
12.42472 248879 -0.00008558891349 -0.042698
12.44781 254691 -0.00003558962249 -0.017961
12.47089 260639 -0.00006109024582 -0.031188
12.49397 266725 0.000009250569765 0.004777
12.51706 272954 -0.00002992816330 -0.015636
12.54014 279328 0.0001404880024 0.074250
12.56323 285851 0.0002328836011 0.124511
12.58631 292526 0.0003308877789 0.178963
12.60939 299357 0.0002619997375 0.143349
12.63248 306348 0.00004192774437 0.023206
12.65556 313502 -0.00003577168720 -0.020029
12.67864 320823 -0.00006951659617 -0.039375
12.70173 328315 0.0002178850274 0.124845
12.72481 335981 0.0004844812952 0.280824
12.74789 343827 0.0004991654796 0.292694
12.77098 351856 0.0003518434782 0.208705
12.79406 360073 0.0004097420057 0.245870
12.81714 368481 0.0005065553841 0.307492
12.84023 377086 0.0004787313946 0.293976
12.86331 385892 0.0005327110572 0.330921
12.88640 394903 0.0003437430702 0.216013
12.90948 404125 0.0002133906234 0.135654
12.93256 413562 0.0002047464781 0.131670
12.95565 423220 0.0001970738656 0.128207
12.97873 433103 0.0001626810413 0.107061
13.00181 443217 0.00002268539141 0.015103
13.02490 453567 -0.00005643436870 -0.038007
13.04798 464158 -0.00009334277313 -0.063594
13.07106 474997 -0.0001393526504 -0.096042
13.09415 486090 -0.0001776390522 -0.123850
13.11723 497441 -0.00006808343012 -0.048019
13.14032 509057 0.0001458180492 0.104039
13.16340 520945 0.0002575803915 0.185913
13.18648 533110 0.0001576265155 0.115090
13.20957 545559 -0.00004220362104 -0.031172
13.23265 558299 -0.0001043050096 -0.077936
13.25573 571336 -0.00009637793908 -0.072849
13.27882 584678 -0.0002155564578 -0.164824
13.30190 598332 -0.0004015374940 -0.310597
13.32498 612304 -0.0003937982500 -0.308147
13.34807 626603 -0.0002765258911 -0.218893
13.37115 641235 -0.0001944599512 -0.155718
13.39423 656209 -0.0001545648397 -0.125208
13.41732 671533 -0.00009490889688 -0.077775
13.44040 687215 -0.00005365669736 -0.044481
13.46349 703263 -0.00008123972267 -0.068128
13.48657 719685 -0.0002070734833 -0.175669
13.50965 736491 -0.0003275460100 -0.281097
13.53274 753690 -0.0002854012488 -0.247772
13.55582 771290 -0.0002587253456 -0.227221
13.57890 789301 -0.0002048487985 -0.181993
13.60199 807733 -0.0002308945631 -0.207514
13.62507 826595 -0.0002055728333 -0.186901
13.64815 845898 -0.00004040219210 -0.037159
13.67124 865652 -0.00001176227348 -0.010944
13.69432 885866 -0.00004174863114 -0.039294
13.71740 906553 0.00007052872778 0.067153
13.74049 927723 0.0001060401238 0.102136
13.76357 949387 0.0001230275573 0.119874
13.78666 971557 0.0001117938629 0.110193
13.80974 994245 4.887722407e-7 0.000487
13.83282 1017463 -0.00007274591741 -0.073378
13.85591 1041223 -0.00009253240149 -0.094420
13.87899 1065537 -0.00003004758773 -0.031017
13.90207 1090420 -0.00001770707401 -0.018490
13.92516 1115883 -0.0001143922998 -0.120839
13.94824 1141942 -0.0001216658387 -0.130014
13.97132 1168608 0.0001682990617 0.181935
13.99441 1195898 0.0005002203006 0.547027
14.01749 1223824 0.0005709199672 0.631589
14.04057 1252403 0.0005497527618 0.615233
14.06366 1281649 0.0005516061143 0.624473
14.08674 1311579 0.0004033942683 0.461984
14.10983 1342207 0.0001980523090 0.229451
14.13291 1373550 0.00006586161325 0.077189
14.15599 1405625 0.00001807894848 0.021434
14.17908 1438449 -0.00006541987470 -0.078462
14.20216 1472040 -0.00004948758224 -0.060042
14.22524 1506415 0.00009767141922 0.119878
14.24833 1541593 0.0001222771242 0.151820
14.27141 1577593 0.0001840140782 0.231126
14.29449 1614433 0.0001503852270 0.191080
14.31758 1652133 0.00005522164833 0.070979
14.34066 1690714 -0.00007527678650 -0.097880
14.36374 1730195 -0.0001247127737 -0.164043
14.38683 1770599 -0.00004339305528 -0.057740
14.40991 1811946 -0.00002891225617 -0.038918
14.43300 1854259 -0.0001815431424 -0.247209
14.45608 1897559 -0.0002602274434 -0.358468
14.47916 1941871 -0.0002716396392 -0.378533
14.50225 1987218 -0.0002276870484 -0.320968
14.52533 2033624 -0.0001408076380 -0.200799
14.54841 2081113 -0.0001568092349 -0.226214
14.57150 2129711 -0.0001720277478 -0.251049
14.59458 2179444 -0.00005473277186 -0.080802
14.61766 2230339 -0.000003649795911 -0.005451
14.64075 2282422 0.00006121719575 0.092485
14.66383 2335721 0.0001564665265 0.239129
14.68691 2390265 0.00008231834872 0.127268
14.71000 2446082 -0.00008499620883 -0.132934
14.73308 2503203 -0.0001907229018 -0.301753
14.75617 2561658 -0.0002356896592 -0.377226
14.77925 2621478 -0.0001343161830 -0.217471
14.80233 2682695 -0.00004230398254 -0.069289
14.82542 2745342 0.00006440974929 0.106721
14.84850 2809451 0.0001499533986 0.251343
14.87158 2875058 0.0001316069091 0.223153
14.89467 2942196 0.000005641449973 0.009677
14.91775 3010902 -0.0001020542040 -0.177084
14.94083 3081213 -0.0002036989328 -0.357561
14.96392 3153166 -0.0002058583916 -0.365546
14.98700 3226799 -0.0001266207410 -0.227453
15.01008 3302151 -0.00003099174768 -0.056318
15.03317 3379263 -0.00003059928825 -0.056250
15.05625 3458176 -0.00005560971905 -0.103413
15.07934 3538931 -0.000009687722123 -0.018225
15.10242 3621572 0.00007224080128 0.137477
15.12550 3706144 0.0001330375774 0.256115
15.14859 3792690 0.0001904504546 0.370899
15.17167 3881257 0.0001596187190 0.314463
15.19475 3971892 0.0001379565172 0.274942
15.21784 4064644 0.00009552170426 0.192581
15.24092 4159562 0.0001452826623 0.296304
15.26400 4256696 0.0001739895036 0.358971
15.28709 4356099 0.0001808430386 0.377442
15.31017 4457822 0.0001290891618 0.272553
15.33325 4561922 0.00006046035265 0.129135
15.35634 4668452 0.00005788582559 0.125072
15.37942 4777470 0.00006112835060 0.133611
15.40251 4889034 0.0001108906793 0.245192
15.42559 5003202 0.0001259148285 0.281644
15.44867 5120037 0.00009551081788 0.216117
15.47176 5239601 0.00008914324333 0.204050
15.49484 5361956 0.0001091185854 0.252674
15.51792 5487169 0.00003040895199 0.071232
15.54101 5615306 -0.00004527347028 -0.107283
15.56409 5746434 -0.00002199305845 -0.052721
15.58717 5880625 0.00002303245735 0.055854
15.61026 6017950 0.000005730046439 0.014057
15.63334 6158482 0.00005624942407 0.139590
15.65642 6302295 0.00002706419063 0.067943
15.67951 6449466 -0.00002068229073 -0.052524
15.70259 6600075 -0.00003725479241 -0.095710
15.72568 6754200 -0.00003618193368 -0.094033
15.74876 6911924 -0.00005859485792 -0.154049
15.77184 7073332 -0.00007969724052 -0.211961
15.79493 7238509 -0.0001202970161 -0.323653
15.81801 7407543 -0.0001069478965 -0.291078
15.84109 7580524 -0.00009138828320 -0.251617
15.86418 7757545 -0.00006749062541 -0.187977
15.88726 7938699 -0.00005250841366 -0.147946
15.91034 8124084 -0.00002551192651 -0.072716
15.93343 8313798 -0.00002057421374 -0.059323
15.95651 8507942 -0.00002063736454 -0.060196
15.97959 8706620 -0.00001068320963 -0.031523
16.00268 8909938 0.00001986696232 0.059302
16.02576 9118003 -0.000004992775978 -0.015076
16.04884 9330927 -0.00001109233473 -0.033883
16.07193 9548823 -0.000002480939275 -0.007666
16.09501 9771808 0.00002192844637 0.068548
16.11810 10000000 0.000004141623467 0.013097
