logY Y Sw sqrtY_times_Sw
6.90675 999 0.00001253851019 0.000396
6.93049 1023 0.001086694055 0.034757
6.95368 1047 -0.00004872665884 -0.001577
6.97635 1071 -0.0009873886505 -0.032313
6.99942 1096 -0.0001288177053 -0.004265
7.02287 1122 0.0001833644285 0.006142
7.04578 1148 -0.00001123084768 -0.000381
7.06902 1175 0.0007709788556 0.026428
7.09174 1202 0.002654199173 0.092021
7.11477 1230 0.002756316111 0.096668
7.13807 1259 0.001659630715 0.058888
7.16162 1289 0.001238292731 0.044458
7.18463 1319 0.001015837948 0.036893
7.20712 1349 0.001191461742 0.043761
7.23056 1381 0.002158142964 0.080200
7.25347 1413 0.003387168617 0.127323
7.27656 1446 0.002744615895 0.104368
7.29980 1480 0.002410168308 0.092721
7.32317 1515 0.003615930444 0.140743
7.34601 1550 0.004483535280 0.176517
7.36897 1586 0.004107579767 0.163583
7.39203 1623 0.003276251739 0.131989
7.41518 1661 0.002852257904 0.116245
7.43838 1700 0.002667638795 0.109990
7.46164 1740 0.001941273801 0.080977
7.48437 1780 0.001180846911 0.049820
7.50769 1822 0.0001145204019 0.004888
7.53048 1864 -0.0009888783916 -0.042694
7.55381 1908 -0.001255922159 -0.054860
7.57712 1953 -0.001059945087 -0.046842
7.59990 1998 -0.0006782086613 -0.030315
7.62315 2045 -0.0003477005309 -0.015724
7.64635 2093 0.0003120416863 0.014276
7.66950 2142 -0.0003095366100 -0.014326
7.69257 2192 -0.0002374671704 -0.011118
7.71557 2243 -0.0009573749396 -0.045342
7.73849 2295 -0.001200779295 -0.057525
7.76174 2349 -0.002561755888 -0.124159
7.78489 2404 -0.002741305399 -0.134408
7.80792 2460 -0.001472736311 -0.073045
7.83082 2517 -0.001433732023 -0.071930
7.85399 2576 -0.001610093972 -0.081719
7.87702 2636 -0.001677528957 -0.086128
7.90027 2698 -0.0007927247423 -0.041176
7.92335 2761 0.001054151744 0.055391
7.94626 2825 0.001283269966 0.068207
7.96936 2891 0.001184549162 0.063691
7.99261 2959 0.001168844161 0.063581
8.01566 3028 0.001218693660 0.067061
8.03883 3099 0.001362524288 0.075850
8.06180 3171 0.001734168588 0.097654
8.08487 3245 0.001038475415 0.059157
8.10802 3321 0.0007442077748 0.042887
8.13094 3398 0.0005982242279 0.034872
8.15421 3478 0.0004761867203 0.028083
8.17723 3559 0.001042102942 0.062169
8.20029 3642 0.0003880789070 0.023420
8.22336 3727 0.0003954097491 0.024139
8.24643 3814 0.001407880677 0.086947
8.26950 3903 0.001222453556 0.076372
8.29255 3994 0.0003450383594 0.021806
8.31581 4088 -0.00008314001258 -0.005316
8.33878 4183 -0.001043391964 -0.067483
8.36194 4281 -0.002027736157 -0.132673
8.38503 4381 -0.002386054748 -0.157931
8.40805 4483 -0.001395313232 -0.093423
8.43120 4588 -0.00005341106476 -0.003618
8.45425 4695 -0.0002757884556 -0.018897
8.47741 4805 -0.0006349951404 -0.044017
8.50045 4917 -0.0009231160433 -0.064730
8.52357 5032 -0.0004863313642 -0.034499
8.54656 5149 -0.0002292150360 -0.016448
8.56960 5269 -0.0003023450935 -0.021947
8.59267 5392 -0.0003631337170 -0.026665
8.61577 5518 -0.0008414504542 -0.062506
8.63888 5647 -0.0009198694438 -0.069125
8.66199 5779 -0.0004659398091 -0.035421
8.68508 5914 0.0005464397445 0.042023
8.70814 6052 0.001160558586 0.090285
8.73134 6194 0.0008837380098 0.069552
8.75432 6338 0.001126085235 0.089649
8.77740 6486 0.001249104600 0.100598
8.80057 6638 0.001038020831 0.084572
8.82365 6793 0.001075592611 0.088650
8.84664 6951 0.001212771838 0.101112
8.86982 7114 0.001153472125 0.097289
8.89289 7280 0.0008092921000 0.069051
8.91597 7450 0.00004799162567 0.004142
8.93906 7624 -0.0005015289845 -0.043791
8.96214 7802 -0.0002042710210 -0.018043
8.98519 7984 0.0001080408080 0.009654
9.00835 8171 0.0004315374203 0.039008
9.03133 8361 -0.00006309335416 -0.005769
9.05450 8557 -0.0004141477949 -0.038310
9.07761 8757 -0.0007795852466 -0.072953
9.10064 8961 -0.0008264204711 -0.078231
9.12369 9170 -0.001051899738 -0.100730
9.14676 9384 -0.0003111724837 -0.030144
9.16993 9604 -0.0001620152710 -0.015877
9.19299 9828 -0.0001147376104 -0.011375
9.21602 10057 -0.0003268781843 -0.032781
9.23912 10292 -0.0005541871413 -0.056222
9.26227 10533 -0.0007027495040 -0.072123
9.28536 10779 -0.0005026493073 -0.052186
9.30837 11030 0.0002769631507 0.029088
9.33150 11288 0.0008465419998 0.089941
9.35453 11551 0.0007768331154 0.083491
9.37763 11821 0.0006348910603 0.069028
9.40071 12097 0.0005909969103 0.065002
9.42384 12380 0.0002650016803 0.029486
9.44691 12669 0.0005739214159 0.064599
9.47001 12965 0.0001421901185 0.016190
9.49311 13268 0.0001114905726 0.012842
9.51613 13577 0.00009616641705 0.011205
9.53921 13894 -0.0002716163253 -0.032016
9.56233 14219 -0.0001601300651 -0.019094
9.58541 14551 0.0002247903434 0.027116
9.60851 14891 0.0004746405088 0.057920
9.63161 15239 0.0001151000228 0.014209
9.65464 15594 -0.00003841653441 -0.004797
9.67778 15959 -0.0004577835444 -0.057831
9.70082 16331 -0.0008004916567 -0.102297
9.72394 16713 -0.0005496483545 -0.071058
9.74701 17103 -0.0001332081660 -0.017421
9.77007 17502 -0.0001455964828 -0.019262
9.79317 17911 -0.0003782740545 -0.050625
9.81624 18329 -0.0005114419360 -0.069241
9.83932 18757 -0.0003412941029 -0.046742
9.86241 19195 -0.0004476268461 -0.062017
9.88553 19644 -0.0003641099548 -0.051033
9.90857 20102 0.00001422039202 0.002016
9.93169 20572 0.0002013838973 0.028884
9.95475 21052 0.0001962316097 0.028472
9.97785 21544 0.0003435204614 0.050422
10.00093 22047 0.0006630428458 0.098450
10.02402 22562 0.0009886397871 0.148500
10.04711 23089 0.0009518065885 0.144628
10.07019 23628 0.0007084914301 0.108905
10.09328 24180 0.0006194989816 0.096332
10.11634 24744 0.0009006874818 0.141680
10.13943 25322 0.0006823378184 0.108580
10.16250 25913 0.0002685907596 0.043236
10.18562 26519 0.0002058412933 0.033521
10.20869 27138 0.0001538399149 0.025343
10.23178 27772 -0.0002030824884 -0.033844
10.25485 28420 -0.0002293823316 -0.038670
10.27794 29084 -0.00009853445330 -0.016804
10.30102 29763 0.0002101808530 0.036260
10.32410 30458 0.0003124740723 0.054534
10.34718 31169 0.0003273353839 0.057790
10.37027 31897 0.0001007129354 0.017987
10.39336 32642 -0.00006655955418 -0.012025
10.41643 33404 -0.0001365256805 -0.024952
10.43951 34184 -0.0003461060357 -0.063991
10.46262 34983 -0.0003620619992 -0.067719
10.48570 35800 -0.0004135732446 -0.078252
10.50879 36636 -0.0003842422680 -0.073546
10.53186 37491 -0.0003487048578 -0.067518
10.55495 38367 -0.0004383101343 -0.085854
10.57804 39263 -0.0003406398133 -0.067497
10.60112 40180 -0.0001047557963 -0.020998
10.62420 41118 0.0001488492082 0.030183
10.64728 42078 0.0002174283636 0.044601
10.67037 43061 0.0001134809604 0.023549
10.69344 44066 0.0001221991274 0.025652
10.71653 45095 0.0003583468310 0.076097
10.73961 46148 0.0004680976192 0.100557
10.76270 47226 0.0005322138376 0.115658
10.78579 48329 0.0002498886919 0.054935
10.80886 49457 -0.00002242169921 -0.004986
10.83194 50612 -0.0002529932425 -0.056916
10.85503 51794 -0.0001891957536 -0.043058
10.87812 53004 -0.00006163350710 -0.014190
10.90121 54242 0.0002180779088 0.050790
10.92428 55508 0.0003275893117 0.077180
10.94736 56804 0.0002259015492 0.053840
10.97045 58131 0.0001130180139 0.027249
10.99353 59488 0.0002713798634 0.066190
11.01663 60878 0.0003673888774 0.090648
11.03970 62299 0.0002448408651 0.061112
11.06279 63754 0.0002763580042 0.069779
11.08587 65243 0.0002196861119 0.056114
11.10895 66766 0.00002833736327 0.007322
11.13205 68326 -0.0003175702390 -0.083010
11.15512 69921 -0.0003275501640 -0.086613
11.17821 71554 -0.0003083726502 -0.082488
11.20129 73225 -0.0002346588126 -0.063499
11.22438 74935 -0.0002498437956 -0.068393
11.24746 76685 -0.0002145882856 -0.059424
11.27054 78475 -0.0001272929334 -0.035659
11.29362 80308 -0.00007144474957 -0.020246
11.31670 82183 -0.00002048185388 -0.005872
11.33980 84103 0.00005198312950 0.015075
11.36288 86067 -0.00003026003883 -0.008877
11.38596 88076 -0.00007419855634 -0.022020
11.40904 90133 -0.0002089672076 -0.062736
11.43213 92238 -0.0002125794762 -0.064562
11.45521 94392 -0.00007471912170 -0.022956
11.47829 96596 -0.0001402297881 -0.043583
11.50138 98852 -0.0002164239908 -0.068045
11.52446 101160 -0.00007407594808 -0.023560
11.54755 103523 0.00004701423581 0.015127
11.57063 105940 0.00008554350247 0.027843
11.59371 108414 0.00006685019120 0.022011
11.61680 110946 0.0001475689460 0.049153
11.63988 113537 0.0001613987325 0.054384
11.66296 116188 0.0002397424111 0.081719
11.68605 118901 0.0002190177600 0.075522
11.70913 121678 0.0001462355302 0.051010
11.73221 124519 0.00002483178608 0.008762
11.75530 127427 -0.0001462544691 -0.052208
11.77838 130403 -0.0001717517785 -0.062022
11.80147 133448 -0.00003559951790 -0.013005
11.82455 136564 -0.00003654680548 -0.013506
11.84763 139753 -0.00006707050609 -0.025073
11.87072 143017 -0.00002288358759 -0.008654
11.89380 146357 -0.00003679745922 -0.014077
11.91688 149774 -0.0001287767615 -0.049837
11.93997 153272 -0.0002318838738 -0.090782
11.96305 156851 -0.0002813071932 -0.111410
11.98614 160514 -0.0002633173893 -0.105496
12.00922 164262 -0.0002195318560 -0.088975
12.03230 168098 -0.0001670650293 -0.068496
12.05538 172023 -0.00006168495731 -0.025584
12.07847 176041 -0.00001193742400 -0.005009
12.10156 180152 0.00006443906221 0.027351
12.12463 184358 0.00003069019258 0.013177
12.14772 188664 -0.00002652290826 -0.011520
12.17080 193069 0.00003799032233 0.016693
12.19389 197578 0.0001167843010 0.051910
12.21697 202192 0.0001253495318 0.056364
12.24005 206913 0.00008115905903 0.036917
12.26314 211745 -0.00006724278462 -0.030942
12.28622 216690 -0.00007913428993 -0.036837
12.30931 221750 0.00001282558855 0.006040
12.33239 226928 0.00009297427305 0.044290
12.35547 232228 0.00007071815365 0.034079
12.37856 237651 0.00005590294112 0.027252
12.40164 243200 0.0002111832325 0.104146
12.42472 248879 0.0003473838412 0.173302
12.44781 254691 0.0002869185243 0.144799
12.47089 260639 0.0001058830322 0.054056
12.49397 266725 0.00002275146498 0.011750
12.51706 272954 -0.00007399619389 -0.038659
12.54014 279328 -0.0001774836961 -0.093803
12.56323 285851 -0.0001833624542 -0.098035
12.58631 292526 -0.0001275149476 -0.068967
12.60939 299357 -0.00007401790605 -0.040498
12.63248 306348 -0.00005171752561 -0.028625
12.65556 313502 -0.00005805831791 -0.032508
12.67864 320823 0.00001634669075 0.009259
12.70173 328315 -0.000003455779791 -0.001980
12.72481 335981 -0.00002609267584 -0.015124
12.74789 343827 0.000001268926204 0.000744
12.77098 351856 0.0001094324148 0.064913
12.79406 360073 0.0001267294433 0.076045
12.81714 368481 0.00002332828864 0.014161
12.84023 377086 0.000005874949389 0.003608
12.86331 385892 -0.000003704612732 -0.002301
12.88640 394903 0.00001565862751 0.009840
12.90948 404125 0.00006845408154 0.043517
12.93256 413562 0.00002524618039 0.016236
12.95565 423220 0.00004587697947 0.029845
12.97873 433103 0.00003198331109 0.021048
13.00181 443217 0.00001532492839 0.010203
13.02490 453567 0.00008590905648 0.057858
13.04798 464158 0.00008852035822 0.060308
13.07106 474997 -0.00001243853394 -0.008573
13.09415 486090 -0.00006523028877 -0.045479
13.11723 497441 -0.00002473198025 -0.017443
13.14032 509057 0.00003905102259 0.027862
13.16340 520945 0.00004515206374 0.032589
13.18648 533110 0.000008442264583 0.006164
13.20957 545559 -0.00004095788183 -0.030252
13.23265 558299 -0.0001119936927 -0.083681
13.25573 571336 -0.0001619307814 -0.122398
13.27882 584678 -0.0001472846821 -0.112620
13.30190 598332 -0.0001420970999 -0.109915
13.32498 612304 -0.0001533929791 -0.120030
13.34807 626603 -0.00007604731356 -0.060198
13.37115 641235 0.00004006073808 0.032079
13.39423 656209 0.0001467518542 0.118879
13.41732 671533 0.00009266471756 0.075936
13.44040 687215 0.00005813044293 0.048189
13.46349 703263 0.00007895604731 0.066213
13.48657 719685 0.00004567571946 0.038749
13.50965 736491 0.00005078985488 0.043587
13.53274 753690 0.00002179077534 0.018918
13.55582 771290 0.00005047972068 0.044333
13.57890 789301 0.00007913084216 0.070302
13.60199 807733 0.00007435842312 0.066829
13.62507 826595 0.00002852992874 0.025939
13.64815 845898 -0.00003570546875 -0.032839
13.67124 865652 -0.00002457346325 -0.022863
13.69432 885866 0.00002250583131 0.021183
13.71740 906553 0.00007821294749 0.074469
13.74049 927723 0.0001337284356 0.128805
13.76357 949387 0.0001431913654 0.139521
13.78666 971557 0.00006239514024 0.061501
13.80974 994245 -0.00002940081932 -0.029316
13.83282 1017463 -0.00009593046539 -0.096764
13.85591 1041223 -0.00008437801261 -0.086100
13.87899 1065537 -0.0001215645524 -0.125485
13.90207 1090420 -0.00008914823206 -0.093091
13.92516 1115883 -0.00004562756402 -0.048199
13.94824 1141942 -0.00004075335354 -0.043550
13.97132 1168608 -0.000005499651353 -0.005945
13.99441 1195898 0.000008792757564 0.009616
14.01749 1223824 -0.00003315286275 -0.036676
14.04057 1252403 -0.00007870526111 -0.088080
14.06366 1281649 -0.00004836033413 -0.054749
14.08674 1311579 -0.00001793524685 -0.020540
14.10983 1342207 -0.00003733914373 -0.043259
14.13291 1373550 -0.00005016297849 -0.058790
14.15599 1405625 -0.000008946063135 -0.010606
14.17908 1438449 0.00002777921949 0.033317
14.20216 1472040 0.00005434800883 0.065939
14.22524 1506415 0.00004405273850 0.054069
14.24833 1541593 0.00003231296670 0.040120
14.27141 1577593 0.00004050686565 0.050878
14.29449 1614433 0.0001049482176 0.133348
14.31758 1652133 0.0001036794666 0.133265
14.34066 1690714 0.00005033407025 0.065448
14.36374 1730195 0.00003341273422 0.043950
14.38683 1770599 0.00001718678142 0.022869
14.40991 1811946 0.00002231119699 0.030033
14.43300 1854259 0.00004935777694 0.067211
14.45608 1897559 0.00005598218798 0.077117
14.47916 1941871 0.00006307096933 0.087890
14.50225 1987218 0.00004875029939 0.068723
14.52533 2033624 0.00004371359492 0.062338
14.54841 2081113 0.00005322854265 0.076788
14.57150 2129711 0.00001513223642 0.022083
14.59458 2179444 -0.00001800063780 -0.026574
14.61766 2230339 -0.00003834213754 -0.057261
14.64075 2282422 -0.00005340673756 -0.080685
14.66383 2335721 -0.00006584444923 -0.100631
14.68691 2390265 -0.00006448262684 -0.099693
14.71000 2446082 -0.00004632122021 -0.072446
14.73308 2503203 -0.00001769934084 -0.028003
14.75617 2561658 -0.00002479887491 -0.039691
14.77925 2621478 -0.00008048865489 -0.130319
14.80233 2682695 -0.0001136528906 -0.186151
14.82542 2745342 -0.00009114274255 -0.151015
14.84850 2809451 -0.00007931830088 -0.132949
14.87158 2875058 -0.00003203928128 -0.054326
14.89467 2942196 0.000002060199383 0.003534
14.91775 3010902 0.00002819397619 0.048922
14.94083 3081213 0.00001010204744 0.017733
14.96392 3153166 -0.00001307180203 -0.023212
14.98700 3226799 -0.00001181924345 -0.021231
15.01008 3302151 -0.00002798884493 -0.050861
15.03317 3379263 -0.00001300775050 -0.023912
15.05625 3458176 0.00001263131703 0.023489
15.07934 3538931 0.00003292818075 0.061945
15.10242 3621572 0.00001470676264 0.027988
15.12550 3706144 0.000004719136009 0.009085
15.14859 3792690 0.00001748212344 0.034046
15.17167 3881257 0.00003300693842 0.065027
15.19475 3971892 0.00002334869213 0.046533
15.21784 4064644 0.00001944717587 0.039207
15.24092 4159562 0.00004994692465 0.101867
15.26400 4256696 0.00002340894302 0.048297
15.28709 4356099 0.00001747788654 0.036479
15.31017 4457822 0.00003186814266 0.067285
15.33325 4561922 0.00002880199659 0.061517
15.35634 4668452 -0.000004144171392 -0.008954
15.37942 4777470 -0.00004311128007 -0.094230
15.40251 4889034 -0.00005128988941 -0.113408
15.42559 5003202 -0.00003735606286 -0.083557
15.44867 5120037 -0.00002773269502 -0.062752
15.47176 5239601 -0.00001738703628 -0.039799
15.49484 5361956 0.00001312658831 0.030396
15.51792 5487169 0.00001890203277 0.044277
15.54101 5615306 0.000006942023452 0.016450
15.56409 5746434 -0.00001390546997 -0.033334
15.58717 5880625 0.000006899170890 0.016730
15.61026 6017950 0.00002003689201 0.049154
15.63334 6158482 0.00002360872903 0.058588
15.65642 6302295 0.00001575613780 0.039555
15.67951 6449466 0.000007523092403 0.019105
15.70259 6600075 0.00001261358575 0.032405
15.72568 6754200 -0.00001087725991 -0.028269
15.74876 6911924 -0.00001127841226 -0.029652
15.77184 7073332 0.000001283867933 0.003415
15.79493 7238509 0.000005984878702 0.016102
15.81801 7407543 0.000007189885959 0.019569
15.84109 7580524 0.000002075068064 0.005713
15.86418 7757545 0.00002123694880 0.059150
15.88726 7938699 0.00002379868873 0.067054
15.91034 8124084 0.00001746851127 0.049790
15.93343 8313798 -0.000006918792287 -0.019949
15.95651 8507942 -0.00001389111501 -0.040518
15.97959 8706620 -0.00001527325216 -0.045067
16.00268 8909938 -0.00003552054934 -0.106027
16.02576 9118003 -0.00002582374569 -0.077977
16.04884 9330927 -0.00001665513588 -0.050876
16.07193 9548823 -0.000008317313591 -0.025701
16.09501 9771808 -0.00001556279487 -0.048649
16.11810 10000000 -0.00002856711719 -0.090337
