logY Y Sw sqrtY_times_Sw
6.90675 999 0.001383581221 0.043731
6.93049 1023 0.003090775775 0.098857
6.95368 1047 0.005309226877 0.171793
6.97635 1071 0.004849366974 0.158701
6.99942 1096 0.004749033264 0.157221
7.02287 1122 0.002766757107 0.092676
7.04578 1148 -0.0003227868162 -0.010937
7.06902 1175 -0.004008635838 -0.137409
7.09174 1202 -0.005104834962 -0.176984
7.11477 1230 -0.005902192436 -0.206998
7.13807 1259 -0.008342379455 -0.296008
7.16162 1289 -0.01141900014 -0.409972
7.18463 1319 -0.01413214248 -0.513252
7.20712 1349 -0.01563480328 -0.574247
7.23056 1381 -0.01470428874 -0.546438
7.25347 1413 -0.01021020700 -0.383801
7.27656 1446 -0.009302232682 -0.353730
7.29980 1480 -0.009421121310 -0.362438
7.32317 1515 -0.01075983543 -0.418805
7.34601 1550 -0.01093424811 -0.430482
7.36897 1586 -0.01015649129 -0.404478
7.39203 1623 -0.009266952156 -0.373333
7.41518 1661 -0.007226089054 -0.294502
7.43838 1700 -0.003730367775 -0.153807
7.46164 1740 -0.001659200761 -0.069211
7.48437 1780 -0.0003252953814 -0.013724
7.50769 1822 -0.0009139319269 -0.039011
7.53048 1864 0.0004021492953 0.017362
7.55381 1908 0.004628739172 0.202186
7.57712 1953 0.006742823322 0.297984
7.59990 1998 0.007156964713 0.319909
7.62315 2045 0.006313865093 0.285524
7.64635 2093 0.005295036045 0.242244
7.66950 2142 0.004782752640 0.221354
7.69257 2192 0.004419195936 0.206901
7.71557 2243 0.005347164851 0.253243
7.73849 2295 0.005285338107 0.253200
7.76174 2349 0.003384932590 0.164056
7.78489 2404 0.003655369919 0.179225
7.80792 2460 0.004373936568 0.216940
7.83082 2517 0.003113457382 0.156201
7.85399 2576 0.002481902546 0.125967
7.87702 2636 0.0008748705491 0.044918
7.90027 2698 -0.002689317977 -0.139689
7.92335 2761 -0.003085340212 -0.162120
7.94626 2825 -0.003799265938 -0.201934
7.96936 2891 -0.002313825197 -0.124410
7.99261 2959 -0.001765374119 -0.096031
8.01566 3028 -0.001968616113 -0.108328
8.03883 3099 -0.0001385667842 -0.007714
8.06180 3171 0.002627344438 0.147950
8.08487 3245 0.004659919684 0.265452
8.10802 3321 0.005835651181 0.336298
8.13094 3398 0.006563579971 0.382607
8.15421 3478 0.006830367060 0.402818
8.17723 3559 0.005391168276 0.321623
8.20029 3642 0.004573685038 0.276017
8.22336 3727 0.004244497254 0.259123
8.24643 3814 0.004177584663 0.257998
8.26950 3903 0.003548198423 0.221670
8.29255 3994 0.002014709958 0.127326
8.31581 4088 0.001311732704 0.083869
8.33878 4183 0.002246287899 0.145281
8.36194 4281 0.002501050944 0.163642
8.38503 4381 0.001985602070 0.131425
8.40805 4483 0.001507614149 0.100943
8.43120 4588 0.0007039353843 0.047681
8.45425 4695 -0.0007201723738 -0.049346
8.47741 4805 0.0003574376882 0.024777
8.50045 4917 -0.0002864582417 -0.020087
8.52357 5032 -0.001595548487 -0.113183
8.54656 5149 -0.002177745791 -0.156267
8.56960 5269 -0.002003885372 -0.145458
8.59267 5392 -0.002174985208 -0.159710
8.61577 5518 -0.001212737874 -0.090086
8.63888 5647 -0.001356575959 -0.101942
8.66199 5779 -0.001033202199 -0.078544
8.68508 5914 -0.0003350130619 -0.025763
8.70814 6052 0.0009790748058 0.076167
8.73134 6194 0.001744980465 0.137333
8.75432 6338 0.001886291271 0.150171
8.77740 6486 0.002732233194 0.220042
8.80057 6638 0.001399454212 0.114019
8.82365 6793 0.0005383172518 0.044368
8.84664 6951 0.0009379873146 0.078202
8.86982 7114 0.00001399127492 0.001180
8.89289 7280 -0.002665185525 -0.227401
8.91597 7450 -0.003185630805 -0.274963
8.93906 7624 -0.001261465870 -0.110146
8.96214 7802 -0.0009755766653 -0.086172
8.98519 7984 -0.002511318753 -0.224394
9.00835 8171 -0.003955114722 -0.357517
9.03133 8361 -0.005596979928 -0.511779
9.05450 8557 -0.006730555758 -0.622604
9.07761 8757 -0.006329185790 -0.592278
9.10064 8961 -0.005211611548 -0.493344
9.12369 9170 -0.005583638066 -0.534690
9.14676 9384 -0.005564827819 -0.539071
9.16993 9604 -0.004952620888 -0.485357
9.19299 9828 -0.003904920529 -0.387119
9.21602 10057 -0.003449035421 -0.345885
9.23912 10292 -0.002860302189 -0.290176
9.26227 10533 -0.002180029066 -0.223737
9.28536 10779 -0.001444184561 -0.149938
9.30837 11030 -0.0006374925993 -0.066952
9.33150 11288 0.0006692368990 0.071103
9.35453 11551 0.001886211431 0.202722
9.37763 11821 0.002055629885 0.223497
9.40071 12097 0.001503078700 0.165318
9.42384 12380 0.0005654571756 0.062916
9.44691 12669 0.0003477445584 0.039141
9.47001 12965 0.0002796884251 0.031846
9.49311 13268 0.0005159442850 0.059430
9.51613 13577 0.001679609461 0.195709
9.53921 13894 0.002716199516 0.320166
9.56233 14219 0.003180266439 0.379226
9.58541 14551 0.003200427340 0.386060
9.60851 14891 0.003888230167 0.474476
9.63161 15239 0.004493233169 0.554673
9.65464 15594 0.003729947994 0.465781
9.67778 15959 0.003112247923 0.393167
9.70082 16331 0.003193182928 0.408066
9.72394 16713 0.002531149164 0.327224
9.74701 17103 0.001489555816 0.194802
9.77007 17502 0.0008152767292 0.107857
9.79317 17911 0.0002360779079 0.031595
9.81624 18329 0.0001774299728 0.024021
9.83932 18757 -0.0001277891117 -0.017502
9.86241 19195 0.0006984683023 0.096770
9.88553 19644 0.0006228746664 0.087300
9.90857 20102 0.0006932889010 0.098296
9.93169 20572 0.001864359322 0.267404
9.95475 21052 0.002765466846 0.401250
9.97785 21544 0.002688453607 0.394608
10.00093 22047 0.002071810792 0.307627
10.02402 22562 0.001308423858 0.196534
10.04711 23089 0.0003366116531 0.051148
10.07019 23628 -0.0007101692754 -0.109163
10.09328 24180 -0.001570770962 -0.244254
10.11634 24744 -0.001729171456 -0.272003
10.13943 25322 -0.001670583834 -0.265838
10.16250 25913 -0.002020323162 -0.325222
10.18562 26519 -0.001876873459 -0.305642
10.20869 27138 -0.0009994975285 -0.164653
10.23178 27772 -0.00009559770662 -0.015931
10.25485 28420 -0.0001404051756 -0.023670
10.27794 29084 -0.0004496532312 -0.076684
10.30102 29763 -0.0004575384741 -0.078934
10.32410 30458 -0.0002632955168 -0.045951
10.34718 31169 -0.0001195695890 -0.021110
10.37027 31897 -0.0003536772358 -0.063166
10.39336 32642 -0.0006681319688 -0.120712
10.41643 33404 -0.0009314433537 -0.170238
10.43951 34184 -0.001020564351 -0.188691
10.46262 34983 -0.0007679415527 -0.143634
10.48570 35800 -0.00001170122815 -0.002214
10.50879 36636 0.0004662528807 0.089243
10.53186 37491 0.0009352743835 0.181093
10.55495 38367 0.001576608390 0.308818
10.57804 39263 0.001968598855 0.390076
10.60112 40180 0.002204481658 0.441887
10.62420 41118 0.002229998578 0.452190
10.64728 42078 0.001563082613 0.320634
10.67037 43061 0.001062847874 0.220553
10.69344 44066 0.0006583984732 0.138210
10.71653 45095 0.00003498740449 0.007430
10.73961 46148 0.000007643318731 0.001642
10.76270 47226 -0.0003025579076 -0.065751
10.78579 48329 -0.001335496752 -0.293594
10.80886 49457 -0.002171020183 -0.482812
10.83194 50612 -0.002744415126 -0.617414
10.85503 51794 -0.002909606697 -0.662177
10.87812 53004 -0.002754328903 -0.634118
10.90121 54242 -0.002185193784 -0.508930
10.92428 55508 -0.001883175767 -0.443679
10.94736 56804 -0.001626465067 -0.387645
10.97045 58131 -0.001745673978 -0.420888
10.99353 59488 -0.001482199851 -0.361511
11.01663 60878 -0.001744731449 -0.430486
11.03970 62299 -0.002188882667 -0.546340
11.06279 63754 -0.002039285693 -0.514911
11.08587 65243 -0.001512016468 -0.386210
11.10895 66766 -0.0008186334502 -0.211528
11.13205 68326 -0.00008144381882 -0.021289
11.15512 69921 0.0004635665897 0.122579
11.17821 71554 0.001121836481 0.300087
11.20129 73225 0.001186069177 0.320952
11.22438 74935 0.001047914789 0.286859
11.24746 76685 0.0007072992089 0.195866
11.27054 78475 0.0004969244949 0.139205
11.29362 80308 0.0007051535735 0.199831
11.31670 82183 0.001008651445 0.289156
11.33980 84103 0.001133328513 0.328671
11.36288 86067 0.001045663554 0.306768
11.38596 88076 0.0006763126645 0.200713
11.40904 90133 0.0002400454722 0.072067
11.43213 92238 0.0001204376533 0.036578
11.45521 94392 -0.00003676139759 -0.011294
11.47829 96596 -0.00009349005014 -0.029057
11.50138 98852 0.0001671990467 0.052569
11.52446 101160 0.0003879823237 0.123400
11.54755 103523 0.0005247568815 0.168840
11.57063 105940 0.0006221969945 0.202515
11.59371 108414 0.0007087353198 0.233360
11.61680 110946 0.0006843724784 0.227955
11.63988 113537 0.0006417128253 0.216227
11.66296 116188 0.0008176891019 0.278720
11.68605 118901 0.0008879251062 0.306175
11.70913 121678 0.0008495406486 0.296340
11.73221 124519 0.0009482591430 0.334615
11.75530 127427 0.001258428455 0.449220
11.77838 130403 0.001517569839 0.548015
11.80147 133448 0.001587815060 0.580037
11.82455 136564 0.001394892931 0.515477
11.84763 139753 0.0009987069688 0.373352
11.87072 143017 0.0006128004801 0.231746
11.89380 146357 0.0002421248782 0.092629
11.91688 149774 -0.00001461284441 -0.005655
11.93997 153272 0.0001951813139 0.076413
11.96305 156851 0.0001490838462 0.059044
11.98614 160514 -0.00003069779971 -0.012299
12.00922 164262 -0.0003659068492 -0.148299
12.03230 168098 -0.0005848864533 -0.239802
12.05538 172023 -0.0006653748401 -0.275969
12.07847 176041 -0.0007039196811 -0.295345
12.10156 180152 -0.0007644639106 -0.324471
12.12463 184358 -0.0009668005156 -0.415114
12.14772 188664 -0.001063144543 -0.461782
12.17080 193069 -0.0008671421831 -0.381019
12.19389 197578 -0.0007501952889 -0.333460
12.21697 202192 -0.0006259464163 -0.281462
12.24005 206913 -0.0003233204182 -0.147071
12.26314 211745 -0.0003826812356 -0.176094
12.28622 216690 -0.0004910920440 -0.228603
12.30931 221750 -0.0003854225156 -0.181497
12.33239 226928 -0.0002213299177 -0.105435
12.35547 232228 -0.00007414534395 -0.035731
12.37856 237651 -0.00001008123164 -0.004915
12.40164 243200 0.0001758177095 0.086705
12.42472 248879 0.0004678600958 0.233405
12.44781 254691 0.0004731169878 0.238768
12.47089 260639 0.0002688769531 0.137269
12.49397 266725 0.0002211702567 0.114224
12.51706 272954 0.0002405212910 0.125660
12.54014 279328 0.0002523778708 0.133385
12.56323 285851 0.0001346359416 0.071983
12.58631 292526 -0.0001265912862 -0.068468
12.60939 299357 -0.0003785252200 -0.207104
12.63248 306348 -0.0005670554518 -0.313858
12.65556 313502 -0.0004825592782 -0.270191
12.67864 320823 -0.0005875205258 -0.332779
12.70173 328315 -0.0005709306681 -0.327136
12.72481 335981 -0.0006146532219 -0.356277
12.74789 343827 -0.0006287243986 -0.368664
12.77098 351856 -0.0005006636444 -0.296981
12.79406 360073 -0.0003466290835 -0.207999
12.81714 368481 -0.0003194576206 -0.193919
12.84023 377086 -0.0002821200778 -0.173242
12.86331 385892 -0.0001737212174 -0.107916
12.88640 394903 -0.0004843512015 -0.304373
12.90948 404125 -0.0005335839449 -0.339204
12.93256 413562 -0.0003736546271 -0.240293
12.95565 423220 -0.0002153952128 -0.140126
12.97873 433103 -0.0001303565398 -0.085788
13.00181 443217 0.00001363681808 0.009079
13.02490 453567 0.0002492550063 0.167867
13.04798 464158 0.0003585796441 0.244297
13.07106 474997 0.0002810568433 0.193704
13.09415 486090 0.0001939586082 0.135228
13.11723 497441 0.0001730509793 0.122052
13.14032 509057 0.0002090573052 0.149159
13.16340 520945 0.0002055578329 0.148364
13.18648 533110 0.0001799585553 0.131396
13.20957 545559 0.0001944061009 0.143592
13.23265 558299 0.0003092232131 0.231050
13.25573 571336 0.0004322055955 0.326690
13.27882 584678 0.0003411754174 0.260877
13.30190 598332 0.0002079875598 0.160882
13.32498 612304 0.0002337962051 0.182945
13.34807 626603 0.0003382937941 0.267787
13.37115 641235 0.0003924052491 0.314227
13.39423 656209 0.0003930026534 0.318359
13.41732 671533 0.0003197430808 0.262020
13.44040 687215 0.0003484628660 0.288870
13.46349 703263 0.0003245272013 0.272151
13.48657 719685 0.0003307632695 0.280601
13.50965 736491 0.0003262197955 0.279959
13.53274 753690 0.0003318926679 0.288134
13.55582 771290 0.0003473153600 0.305023
13.57890 789301 0.0004069394064 0.361536
13.60199 807733 0.0003416376585 0.307043
13.62507 826595 0.0003264438379 0.296794
13.64815 845898 0.0002592275335 0.238419
13.67124 865652 0.0001989544629 0.185108
13.69432 885866 0.00009547504980 0.089862
13.71740 906553 0.00003408131973 0.032450
13.74049 927723 -0.00003645258543 -0.035111
13.76357 949387 -0.0002132989467 -0.207831
13.78666 971557 -0.0004071432297 -0.401311
13.80974 994245 -0.0005080144308 -0.506551
13.83282 1017463 -0.0004884868285 -0.492734
13.85591 1041223 -0.0003855536439 -0.393420
13.87899 1065537 -0.0002372813772 -0.244933
13.90207 1090420 -0.0002424243290 -0.253147
13.92516 1115883 -0.0001938463084 -0.204770
13.94824 1141942 -0.0001305186384 -0.139474
13.97132 1168608 -0.00008272139820 -0.089424
13.99441 1195898 -0.0001048623328 -0.114674
14.01749 1223824 -0.00007993070414 -0.088425
14.04057 1252403 0.00001605467744 0.017967
14.06366 1281649 0.00002355154939 0.026663
14.08674 1311579 -0.000001257896472 -0.001441
14.10983 1342207 0.00002868833486 0.033236
14.13291 1373550 0.00006506614940 0.076257
14.15599 1405625 0.00007849997661 0.093069
14.17908 1438449 0.00008484732311 0.101762
14.20216 1472040 0.00002166609587 0.026287
14.22524 1506415 -0.00002126459550 -0.026099
14.24833 1541593 0.00005529841443 0.068659
14.27141 1577593 0.00009377290263 0.117781
14.29449 1614433 0.00009646228492 0.122565
14.31758 1652133 0.0001005135007 0.129195
14.34066 1690714 0.0001797367299 0.233707
14.36374 1730195 0.0001436384811 0.188938
14.38683 1770599 -0.00008549984831 -0.113769
14.40991 1811946 -0.0002881544820 -0.387881
14.43300 1854259 -0.0003947279478 -0.537506
14.45608 1897559 -0.0004838683197 -0.666538
14.47916 1941871 -0.0004864166904 -0.677827
14.50225 1987218 -0.0004000129105 -0.563893
14.52533 2033624 -0.0003697282123 -0.527252
14.54841 2081113 -0.0002771360969 -0.399798
14.57150 2129711 -0.0001526055315 -0.222705
14.59458 2179444 -0.0001517447587 -0.224020
14.61766 2230339 -0.00004045656364 -0.060419
14.64075 2282422 -0.000004742291453 -0.007165
14.66383 2335721 0.000004875162856 0.007451
14.68691 2390265 0.00001687793444 0.026094
14.71000 2446082 0.00007649534704 0.119638
14.73308 2503203 0.00009726114402 0.153882
14.75617 2561658 0.0001309649502 0.209612
14.77925 2621478 0.00005488277549 0.088861
14.80233 2682695 -0.00006927963712 -0.113473
14.82542 2745342 -0.0001241852732 -0.205763
14.84850 2809451 -0.00008294630442 -0.139030
14.87158 2875058 -0.00001005343553 -0.017047
14.89467 2942196 0.00001792141614 0.030740
14.91775 3010902 0.0001002048738 0.173875
14.94083 3081213 0.0001436300984 0.252119
14.96392 3153166 0.0001682422610 0.298750
14.98700 3226799 0.0001510116192 0.271267
15.01008 3302151 0.00009221637166 0.167574
15.03317 3379263 0.00008100620581 0.148912
15.05625 3458176 0.00002738157499 0.050919
15.07934 3538931 0.000003935253556 0.007403
15.10242 3621572 -0.00001671126017 -0.031802
15.12550 3706144 -0.00006447465506 -0.124122
15.14859 3792690 -0.00003954192602 -0.077007
15.17167 3881257 0.00003256502624 0.064156
15.19475 3971892 0.00007068034080 0.140863
15.21784 4064644 0.00009978403484 0.201174
15.24092 4159562 0.0001371072674 0.279630
15.26400 4256696 0.0001514531292 0.312474
15.28709 4356099 0.0001507072276 0.314545
15.31017 4457822 0.0002044754366 0.431720
15.33325 4561922 0.0002577718885 0.550566
15.35634 4668452 0.0002795410945 0.603993
15.37942 4777470 0.0003285851007 0.718202
15.40251 4889034 0.0003622855958 0.801055
15.42559 5003202 0.0003353397574 0.750083
15.44867 5120037 0.0002137829153 0.483737
15.47176 5239601 0.0001194176854 0.273349
15.49484 5361956 0.00009837667351 0.227800
15.51792 5487169 0.00007607823595 0.178211
15.54101 5615306 0.00004216054670 0.099906
15.56409 5746434 0.00001056930311 0.025336
15.58717 5880625 0.00001034393470 0.025084
15.61026 6017950 -0.00001673233875 -0.041047
15.63334 6158482 -0.00001719167898 -0.042663
15.65642 6302295 -0.00004203313859 -0.105522
15.67951 6449466 -0.0001263012383 -0.320752
15.70259 6600075 -0.0001762410379 -0.452774
15.72568 6754200 -0.0002010285910 -0.522450
15.74876 6911924 -0.0002575926959 -0.677225
15.77184 7073332 -0.0002727089116 -0.725289
15.79493 7238509 -0.0002576594172 -0.693219
15.81801 7407543 -0.0002400362750 -0.653302
15.84109 7580524 -0.0001825649092 -0.502651
15.86418 7757545 -0.0001722174391 -0.479666
15.88726 7938699 -0.0001476865592 -0.416117
15.91034 8124084 -0.0001313629395 -0.374421
15.93343 8313798 -0.0001028286305 -0.296493
15.95651 8507942 -0.00005676265858 -0.165567
15.97959 8706620 -0.000006910713686 -0.020391
16.00268 8909938 0.00004397869581 0.131274
16.02576 9118003 0.00006878751009 0.207711
16.04884 9330927 0.00003787014626 0.115680
16.07193 9548823 -0.000004335966814 -0.013399
16.09501 9771808 0.00002516675014 0.078671
16.11810 10000000 0.00004826676056 0.152633
