logY Y Sw sqrtY_times_Sw
6.90675 999 0.003023526918 0.095564
6.93049 1023 -0.001108693420 -0.035461
6.95368 1047 -0.002474355924 -0.080064
6.97635 1071 -0.0003590865656 -0.011752
6.99942 1096 0.004011386484 0.132801
7.02287 1122 0.006686759530 0.223981
7.04578 1148 0.007053324314 0.238982
7.06902 1175 0.008911583969 0.305474
7.09174 1202 0.009949649397 0.344953
7.11477 1230 0.01325565906 0.464894
7.13807 1259 0.01295143601 0.459548
7.16162 1289 0.01047057235 0.375921
7.18463 1319 0.009111539053 0.330913
7.20712 1349 0.008030007091 0.294932
7.23056 1381 0.007645871924 0.284134
7.25347 1413 0.008276158831 0.311100
7.27656 1446 0.008345432756 0.317346
7.29980 1480 0.005944327126 0.228683
7.32317 1515 0.002582274305 0.100510
7.34601 1550 -0.002585968156 -0.101810
7.36897 1586 -0.004508651589 -0.179555
7.39203 1623 -0.003846693731 -0.154970
7.41518 1661 -0.003741654494 -0.152493
7.43838 1700 -0.003730268996 -0.153803
7.46164 1740 -0.001112655038 -0.046413
7.48437 1780 -0.0008016637226 -0.033822
7.50769 1822 -0.006110642002 -0.260832
7.53048 1864 -0.007801042557 -0.336803
7.55381 1908 -0.007134286872 -0.311630
7.57712 1953 -0.006836974566 -0.302145
7.59990 1998 -0.007450451452 -0.333028
7.62315 2045 -0.007434162156 -0.336185
7.64635 2093 -0.005420844025 -0.248000
7.66950 2142 -0.003138214020 -0.145242
7.69257 2192 -0.0001513373092 -0.007085
7.71557 2243 0.002867032292 0.135784
7.73849 2295 0.003676423197 0.176123
7.76174 2349 0.001906015597 0.092378
7.78489 2404 0.003133300319 0.153628
7.80792 2460 0.004630526493 0.229667
7.83082 2517 0.006156239684 0.308857
7.85399 2576 0.007617883945 0.386640
7.87702 2636 0.007167126754 0.367975
7.90027 2698 0.005997877749 0.311543
7.92335 2761 0.003248063633 0.170670
7.94626 2825 0.001438860703 0.076476
7.96936 2891 0.001502477176 0.080785
7.99261 2959 0.002558774724 0.139189
8.01566 3028 0.003324993421 0.182965
8.03883 3099 0.003450082894 0.192062
8.06180 3171 0.004535143289 0.255381
8.08487 3245 0.004805269088 0.273732
8.10802 3321 0.003024287632 0.174284
8.13094 3398 0.001819395492 0.106057
8.15421 3478 0.002065241347 0.121797
8.17723 3559 0.0004042553571 0.024117
8.20029 3642 -0.001951742512 -0.117786
8.22336 3727 -0.002855663426 -0.174336
8.24643 3814 -0.002804647748 -0.173208
8.26950 3903 -0.003052734094 -0.190716
8.29255 3994 -0.002960183998 -0.187078
8.31581 4088 -0.003112778287 -0.199023
8.33878 4183 -0.004087674090 -0.264375
8.36194 4281 -0.004476410126 -0.292889
8.38503 4381 -0.005847541372 -0.387044
8.40805 4483 -0.007156645388 -0.479175
8.43120 4588 -0.006298222607 -0.426609
8.45425 4695 -0.005276360456 -0.361537
8.47741 4805 -0.004844527875 -0.335814
8.50045 4917 -0.005468921595 -0.383488
8.52357 5032 -0.007022491423 -0.498152
8.54656 5149 -0.006948359328 -0.498590
8.56960 5269 -0.005285270510 -0.383647
8.59267 5392 -0.004035893605 -0.296357
8.61577 5518 -0.003188893556 -0.236881
8.63888 5647 -0.001737182414 -0.130543
8.66199 5779 -0.0008122750289 -0.061749
8.68508 5914 0.0006093559838 0.046861
8.70814 6052 0.001785676882 0.138916
8.73134 6194 0.003558948439 0.280096
8.75432 6338 0.004860382420 0.386943
8.77740 6486 0.005001784182 0.402822
8.80057 6638 0.004045879450 0.329634
8.82365 6793 0.002688844210 0.221614
8.84664 6951 0.002407624436 0.200730
8.86982 7114 0.001388584223 0.117119
8.89289 7280 0.002116983391 0.180627
8.91597 7450 0.003034129720 0.261886
8.93906 7624 0.003988164247 0.348229
8.96214 7802 0.004878998342 0.430957
8.98519 7984 0.005132128074 0.458572
9.00835 8171 0.004404755821 0.398162
9.03133 8361 0.002976832796 0.272197
9.05450 8557 0.002548966025 0.235790
9.07761 8757 0.002240118262 0.209628
9.10064 8961 0.001753725465 0.166012
9.12369 9170 0.0007080042122 0.067799
9.14676 9384 -0.0004600531368 -0.044566
9.16993 9604 -0.0003218094713 -0.031537
9.19299 9828 -0.0006366285630 -0.063113
9.21602 10057 -0.001202434178 -0.120586
9.23912 10292 -0.001324294634 -0.134349
9.26227 10533 -0.0005059628099 -0.051927
9.28536 10779 -0.0002589634416 -0.026886
9.30837 11030 0.0005704085587 0.059906
9.33150 11288 0.0006666979353 0.070833
9.35453 11551 0.0005342881476 0.057423
9.37763 11821 -0.001337771846 -0.145448
9.40071 12097 -0.003026142074 -0.332834
9.42384 12380 -0.003499674142 -0.389393
9.44691 12669 -0.004451560130 -0.501053
9.47001 12965 -0.004712135143 -0.536542
9.49311 13268 -0.004437462505 -0.511137
9.51613 13577 -0.002874659021 -0.334956
9.53921 13894 -0.001812335816 -0.213625
9.56233 14219 -0.0002249765671 -0.026827
9.58541 14551 0.0005776745052 0.069683
9.60851 14891 0.001341727431 0.163729
9.63161 15239 0.001593479199 0.196709
9.65464 15594 0.001557387759 0.194480
9.67778 15959 0.001683308433 0.212651
9.70082 16331 0.001538265938 0.196579
9.72394 16713 0.001063122922 0.137439
9.74701 17103 0.001578357659 0.206415
9.77007 17502 0.001649028244 0.218158
9.79317 17911 0.002503835851 0.335093
9.81624 18329 0.002373315460 0.321310
9.83932 18757 0.001995326386 0.273272
9.86241 19195 0.001830734951 0.253641
9.88553 19644 0.002111091976 0.295884
9.90857 20102 0.002501542010 0.354672
9.93169 20572 0.002573215979 0.369075
9.95475 21052 0.001989062273 0.288599
9.97785 21544 0.001297500116 0.190445
10.00093 22047 0.0006434560068 0.095542
10.02402 22562 0.0001643333703 0.024684
10.04711 23089 -0.0005308752071 -0.080667
10.07019 23628 -0.0007216298679 -0.110925
10.09328 24180 -0.0009096453687 -0.141449
10.11634 24744 -0.001700726036 -0.267528
10.13943 25322 -0.002488276914 -0.395957
10.16250 25913 -0.002179255729 -0.350806
10.18562 26519 -0.001150426757 -0.187343
10.20869 27138 -0.0008139389034 -0.134085
10.23178 27772 -0.0008708537414 -0.145127
10.25485 28420 -0.001134882585 -0.191321
10.27794 29084 -0.001712477155 -0.292046
10.30102 29763 -0.002200736290 -0.379670
10.32410 30458 -0.002600653505 -0.453872
10.34718 31169 -0.002870227903 -0.506731
10.37027 31897 -0.002731737803 -0.487881
10.39336 32642 -0.002048742877 -0.370148
10.41643 33404 -0.001726074915 -0.315471
10.43951 34184 -0.001614015414 -0.298414
10.46262 34983 -0.001541677630 -0.288351
10.48570 35800 -0.001430420579 -0.270648
10.50879 36636 -0.001399169228 -0.267808
10.53186 37491 -0.0009704645683 -0.187907
10.55495 38367 -0.0008120593280 -0.159062
10.57804 39263 -0.0003529662427 -0.069940
10.60112 40180 -0.0001838971033 -0.036862
10.62420 41118 0.0004359509648 0.088400
10.64728 42078 0.0007118909411 0.146030
10.67037 43061 0.001087828137 0.225737
10.69344 44066 0.001407475044 0.295456
10.71653 45095 0.001533895026 0.325732
10.73961 46148 0.001757389049 0.377524
10.76270 47226 0.001833563831 0.398462
10.78579 48329 0.001969223462 0.432911
10.80886 49457 0.001919354495 0.426844
10.83194 50612 0.001985327502 0.446641
10.85503 51794 0.002047405611 0.465955
10.87812 53004 0.002130324582 0.490456
10.90121 54242 0.001642012583 0.382423
10.92428 55508 0.0009565519531 0.225365
10.94736 56804 0.0003408093729 0.081227
10.97045 58131 0.0003487155634 0.084077
10.99353 59488 0.0008535156321 0.208174
11.01663 60878 0.0009373660942 0.231281
11.03970 62299 0.0008191181150 0.204450
11.06279 63754 0.0008086497348 0.204180
11.08587 65243 0.0005944613185 0.151842
11.10895 66766 0.0003481319024 0.089954
11.13205 68326 -0.00003766034951 -0.009844
11.15512 69921 -0.000008194464552 -0.002167
11.17821 71554 -0.000005506843285 -0.001473
11.20129 73225 0.0001374075787 0.037183
11.22438 74935 -0.00004070767506 -0.011143
11.24746 76685 -0.0003284514682 -0.090955
11.27054 78475 -0.0006585885400 -0.184493
11.29362 80308 -0.0009450050114 -0.267802
11.31670 82183 -0.001254152702 -0.359535
11.33980 84103 -0.001396498503 -0.404992
11.36288 86067 -0.001488654854 -0.436729
11.38596 88076 -0.001369306614 -0.406377
11.40904 90133 -0.001313883384 -0.394456
11.43213 92238 -0.001083065246 -0.328935
11.45521 94392 -0.0007343252695 -0.225609
11.47829 96596 -0.0002940141060 -0.091379
11.50138 98852 0.00007700717126 0.024212
11.52446 101160 0.00008482361658 0.026979
11.54755 103523 -0.000007656061444 -0.002463
11.57063 105940 -0.0001665050573 -0.054195
11.59371 108414 -0.00005947203027 -0.019582
11.61680 110946 0.0001505450280 0.050144
11.63988 113537 0.0002821238812 0.095062
11.66296 116188 0.0003623801042 0.123522
11.68605 118901 0.0004375568031 0.150878
11.70913 121678 0.0004366340910 0.152308
11.73221 124519 0.0004568706568 0.161217
11.75530 127427 0.0005710913993 0.203862
11.77838 130403 0.0004833872350 0.174558
11.80147 133448 0.0005701765975 0.208289
11.82455 136564 0.0007003715486 0.258819
11.84763 139753 0.0009011237529 0.336872
11.87072 143017 0.0007406318579 0.280089
11.89380 146357 0.0005122633824 0.195975
11.91688 149774 0.0001292663793 0.050027
11.93997 153272 -0.0003586249829 -0.140402
11.96305 156851 -0.0007551244664 -0.299063
11.98614 160514 -0.0006218646302 -0.249145
12.00922 164262 -0.0003990664018 -0.161739
12.03230 168098 -0.0002930029887 -0.120131
12.05538 172023 -0.0002110041164 -0.087515
12.07847 176041 -0.0002771384331 -0.116280
12.10156 180152 -0.0002339808390 -0.099312
12.12463 184358 -0.00007068804652 -0.030351
12.14772 188664 -0.00009171144349 -0.039835
12.17080 193069 -0.0001321927079 -0.058085
12.19389 197578 -0.0002235027227 -0.099346
12.21697 202192 -0.0002071232930 -0.093135
12.24005 206913 -0.0001828731799 -0.083185
12.26314 211745 -0.0002619739366 -0.120549
12.28622 216690 -0.0005122696104 -0.238461
12.30931 221750 -0.0006183510320 -0.291184
12.33239 226928 -0.0006570104016 -0.312980
12.35547 232228 -0.0007631323058 -0.367754
12.37856 237651 -0.0008647445821 -0.421558
12.40164 243200 -0.0006751782986 -0.332966
12.42472 248879 -0.0003868103955 -0.192971
12.44781 254691 -0.0003211083336 -0.162053
12.47089 260639 -0.0001828744064 -0.093363
12.49397 266725 -0.00001631156404 -0.008424
12.51706 272954 0.0001507310788 0.078749
12.54014 279328 0.00004963847221 0.026235
12.56323 285851 -0.00003520283396 -0.018821
12.58631 292526 -0.00004380128400 -0.023690
12.60939 299357 0.0001038969550 0.056846
12.63248 306348 0.0002624562521 0.145266
12.65556 313502 0.0004625710002 0.258999
12.67864 320823 0.0007897520754 0.447325
12.70173 328315 0.0008886585635 0.509191
12.72481 335981 0.0007310959686 0.423772
12.74789 343827 0.0006129774766 0.359430
12.77098 351856 0.0007148667472 0.424041
12.79406 360073 0.0007879099713 0.472794
12.81714 368481 0.0006721624889 0.408020
12.84023 377086 0.0006967364799 0.427847
12.86331 385892 0.0005822626182 0.361703
12.88640 394903 0.0003601235017 0.226306
12.90948 404125 0.0001937114482 0.123144
12.93256 413562 0.0001482144533 0.095315
12.95565 423220 0.00005060640009 0.032922
12.97873 433103 0.00002184871654 0.014379
13.00181 443217 0.00004492873616 0.029911
13.02490 453567 0.00001876398939 0.012637
13.04798 464158 0.00008975240990 0.061148
13.07106 474997 0.0001514412959 0.104373
13.09415 486090 0.00007604637820 0.053020
13.11723 497441 -0.000005158693278 -0.003638
13.14032 509057 -0.0002316312230 -0.165265
13.16340 520945 -0.0004621532067 -0.333566
13.18648 533110 -0.0005250825074 -0.383386
13.20957 545559 -0.0004740570642 -0.350148
13.23265 558299 -0.0004406235316 -0.329231
13.25573 571336 -0.0003495505607 -0.264214
13.27882 584678 -0.0002436714770 -0.186322
13.30190 598332 -0.0001818459561 -0.140661
13.32498 612304 -0.0001286576339 -0.100674
13.34807 626603 -0.0001380941005 -0.109313
13.37115 641235 -0.0002837809650 -0.227244
13.39423 656209 -0.0003333777966 -0.270058
13.41732 671533 -0.0002714540839 -0.222449
13.44040 687215 -0.0001988768302 -0.164866
13.46349 703263 -0.00008354346717 -0.070060
13.48657 719685 -0.00004713551164 -0.039987
13.50965 736491 -0.0001551932678 -0.133185
13.53274 753690 -0.0001595307877 -0.138497
13.55582 771290 -0.00004361495563 -0.038304
13.57890 789301 0.0001710507088 0.151966
13.60199 807733 0.0002601308945 0.233790
13.62507 826595 0.0003394339051 0.308604
13.64815 845898 0.0004174740457 0.383962
13.67124 865652 0.0005265098293 0.489867
13.69432 885866 0.0005368102935 0.505248
13.71740 906553 0.0003067424110 0.292059
13.74049 927723 0.0001421233080 0.136891
13.76357 949387 0.00005263014657 0.051281
13.78666 971557 -0.00004709277990 -0.046418
13.80974 994245 -0.00007911422400 -0.078886
13.83282 1017463 -0.0001351714337 -0.136347
13.85591 1041223 -0.0001410451724 -0.143923
13.87899 1065537 -0.0001415104536 -0.146074
13.90207 1090420 -0.0002208811722 -0.230651
13.92516 1115883 -0.0001300183573 -0.137345
13.94824 1141942 -0.00002198514839 -0.023494
13.97132 1168608 -0.000007667441200 -0.008289
13.99441 1195898 -0.00004138606590 -0.045259
14.01749 1223824 -0.00008598214491 -0.095119
14.04057 1252403 -0.0001654930903 -0.185205
14.06366 1281649 -0.0002055148749 -0.232663
14.08674 1311579 -0.0002673941074 -0.306231
14.10983 1342207 -0.0003531745895 -0.409166
14.13291 1373550 -0.0004032305582 -0.472580
14.15599 1405625 -0.0003366662961 -0.399148
14.17908 1438449 -0.0001876304948 -0.225035
14.20216 1472040 -0.0001102429461 -0.133755
14.22524 1506415 -0.0001499224331 -0.184009
14.24833 1541593 -0.0001521871516 -0.188957
14.27141 1577593 -0.00004944653906 -0.062106
14.29449 1614433 0.00001127643000 0.014328
14.31758 1652133 -0.00004262117735 -0.054783
14.34066 1690714 -0.00007376460009 -0.095914
14.36374 1730195 0.000003978748159 0.005234
14.38683 1770599 0.00004574712543 0.060873
14.40991 1811946 0.00004270667895 0.057487
14.43300 1854259 0.00006658572905 0.090671
14.45608 1897559 0.0001430789070 0.197094
14.47916 1941871 0.0001688467550 0.235290
14.50225 1987218 0.0002304615675 0.324879
14.52533 2033624 0.0002373517892 0.338476
14.54841 2081113 0.0003242051336 0.467700
14.57150 2129711 0.0004174640813 0.609227
14.59458 2179444 0.0004031201153 0.595124
14.61766 2230339 0.0003762260146 0.561868
14.64075 2282422 0.0003030717128 0.457871
14.66383 2335721 0.0001878231374 0.287051
14.68691 2390265 0.0001563791363 0.241770
14.71000 2446082 0.0002147696102 0.335899
14.73308 2503203 0.0002290711861 0.362425
14.75617 2561658 0.0002533889314 0.405554
14.77925 2621478 0.0002598068721 0.420653
14.80233 2682695 0.0001382030861 0.226362
14.82542 2745342 0.00002844842240 0.047136
14.84850 2809451 -0.00004817358077 -0.080746
14.87158 2875058 -0.00004363718866 -0.073991
14.89467 2942196 -0.00008530483829 -0.146322
14.91775 3010902 -0.0001377950231 -0.239101
14.94083 3081213 -0.0001709202585 -0.300023
14.96392 3153166 -0.0001323689760 -0.235050
14.98700 3226799 -0.0001437486234 -0.258220
15.01008 3302151 -0.0001607078259 -0.292035
15.03317 3379263 -0.0001783171163 -0.327796
15.05625 3458176 -0.0001787396738 -0.332387
15.07934 3538931 -0.0001916507119 -0.360534
15.10242 3621572 -0.0001793631970 -0.341336
15.12550 3706144 -0.0001790488651 -0.344693
15.14859 3792690 -0.0001264970335 -0.246351
15.17167 3881257 -0.0001058759095 -0.208585
15.19475 3971892 -0.0001116880652 -0.222590
15.21784 4064644 -0.0001323739995 -0.266879
15.24092 4159562 -0.0001425321248 -0.290694
15.26400 4256696 -0.0001583727163 -0.326751
15.28709 4356099 -0.0001635744712 -0.341401
15.31017 4457822 -0.0001091635663 -0.230483
15.33325 4561922 -0.00004517423175 -0.096486
15.35634 4668452 -0.000003386423327 -0.007317
15.37942 4777470 0.00001943831143 0.042487
15.40251 4889034 0.00003862018374 0.085394
15.42559 5003202 0.00005757345362 0.128779
15.44867 5120037 0.00004292353293 0.097125
15.47176 5239601 0.00005939269270 0.135951
15.49484 5361956 0.00009811243108 0.227188
15.51792 5487169 0.0001175413689 0.275337
15.54101 5615306 0.0001889078244 0.447648
15.56409 5746434 0.0002187168212 0.524302
15.58717 5880625 0.0002221221099 0.538646
15.61026 6017950 0.0002296742896 0.563426
15.63334 6158482 0.0002019096174 0.501065
15.65642 6302295 0.0001010403162 0.253655
15.67951 6449466 0.00002548373740 0.064718
15.70259 6600075 -0.000006156697431 -0.015817
15.72568 6754200 0.00001634281775 0.042473
15.74876 6911924 0.00001443603310 0.037953
15.77184 7073332 0.000004601853604 0.012239
15.79493 7238509 -0.00003777289966 -0.101626
15.81801 7407543 -0.00004665094036 -0.126969
15.84109 7580524 -0.00005355336108 -0.147447
15.86418 7757545 -0.00005903426590 -0.164424
15.88726 7938699 -0.00005936945228 -0.167278
15.91034 8124084 -0.00007186535449 -0.204836
15.93343 8313798 -0.0001000789654 -0.288564
15.95651 8507942 -0.0001188296415 -0.346607
15.97959 8706620 -0.0001153958383 -0.340498
16.00268 8909938 -0.0001217592536 -0.363446
16.02576 9118003 -0.0001416092918 -0.427604
16.04884 9330927 -0.0001360997153 -0.415738
16.07193 9548823 -0.0001438949043 -0.444652
16.09501 9771808 -0.0001051477586 -0.328691
16.11810 10000000 -0.00007824415914 -0.247430
