logY Y Sw sqrtY_times_Sw
6.90675 999 0.00005067770733 0.001602
6.93049 1023 -0.001142743773 -0.036550
6.95368 1047 -0.001499219617 -0.048511
6.97635 1071 -0.0006283489135 -0.020563
6.99942 1096 0.001403803097 0.046474
7.02287 1122 0.001857779716 0.062229
7.04578 1148 0.0005680528791 0.019247
7.06902 1175 -0.0002255779125 -0.007732
7.09174 1202 0.0004958322558 0.017190
7.11477 1230 0.001888256980 0.066224
7.13807 1259 0.002041375903 0.072433
7.16162 1289 -0.0004998772651 -0.017947
7.18463 1319 -0.0005090651062 -0.018488
7.20712 1349 0.001194079487 0.043857
7.23056 1381 0.002383871126 0.088589
7.25347 1413 0.002974842002 0.111824
7.27656 1446 0.003927109433 0.149333
7.29980 1480 0.004349432179 0.167326
7.32317 1515 0.003170365869 0.123400
7.34601 1550 0.0007836181334 0.030851
7.36897 1586 -0.0004210020735 -0.016766
7.39203 1623 -0.0004350676970 -0.017527
7.41518 1661 0.0001761843353 0.007180
7.43838 1700 0.00002321129901 0.000957
7.46164 1740 0.0004077395444 0.017008
7.48437 1780 0.0004802513061 0.020262
7.50769 1822 -0.0007591257180 -0.032403
7.53048 1864 -0.001321225793 -0.057043
7.55381 1908 0.0005376647134 0.023486
7.57712 1953 0.001295844819 0.057267
7.59990 1998 0.001273107444 0.056907
7.62315 2045 0.001280074371 0.057887
7.64635 2093 0.0003261532213 0.014921
7.66950 2142 -0.0004248815884 -0.019664
7.69257 2192 -0.0009329651694 -0.043680
7.71557 2243 -0.001372974327 -0.065025
7.73849 2295 -0.001657164020 -0.079388
7.76174 2349 -0.0008822285569 -0.042759
7.78489 2404 0.0001091094958 0.005350
7.80792 2460 0.0009694308312 0.048082
7.83082 2517 0.0008488472276 0.042586
7.85399 2576 0.001985850653 0.100790
7.87702 2636 0.002443712611 0.125465
7.90027 2698 0.002724784474 0.141532
7.92335 2761 0.003038616361 0.159665
7.94626 2825 0.001415761288 0.075249
7.96936 2891 -0.0009889390129 -0.053173
7.99261 2959 -0.002072505475 -0.112737
8.01566 3028 -0.001842865509 -0.101408
8.03883 3099 -0.001657911345 -0.092294
8.06180 3171 -0.001939488295 -0.109216
8.08487 3245 -0.002069010146 -0.117861
8.10802 3321 -0.001826263574 -0.105244
8.13094 3398 -0.001550920939 -0.090407
8.15421 3478 -0.001185962915 -0.069942
8.17723 3559 -0.0004872694621 -0.029069
8.20029 3642 0.00004096722761 0.002472
8.22336 3727 0.002051194217 0.125224
8.24643 3814 0.002188528774 0.135158
8.26950 3903 0.001167267831 0.072924
8.29255 3994 0.0004502772423 0.028457
8.31581 4088 -0.0008711376729 -0.055698
8.33878 4183 -0.001829689932 -0.118337
8.36194 4281 -0.001801245972 -0.117854
8.38503 4381 -0.0009434353500 -0.062445
8.40805 4483 0.0003340659536 0.022367
8.43120 4588 0.0007322311133 0.049598
8.45425 4695 0.0007315853913 0.050128
8.47741 4805 0.0004075238442 0.028249
8.50045 4917 0.0004780305403 0.033520
8.52357 5032 0.001074880317 0.076248
8.54656 5149 0.001522299319 0.109235
8.56960 5269 0.001210486896 0.087867
8.59267 5392 0.001112947068 0.081724
8.61577 5518 0.0006733924699 0.050022
8.63888 5647 0.0008128191880 0.061081
8.66199 5779 0.0002092842541 0.015910
8.68508 5914 0.000001729459227 0.000133
8.70814 6052 -0.0004335347311 -0.033727
8.73134 6194 -0.0009015529525 -0.070954
8.75432 6338 -0.001160977698 -0.092427
8.77740 6486 -0.0007456713150 -0.060053
8.80057 6638 0.0002426454506 0.019769
8.82365 6793 0.001588352135 0.130911
8.84664 6951 0.001907289525 0.159016
8.86982 7114 0.001655734766 0.139652
8.89289 7280 0.001531180038 0.130645
8.91597 7450 0.001010984381 0.087261
8.93906 7624 0.0006691484471 0.058427
8.96214 7802 0.0004707896383 0.041584
8.98519 7984 -0.00008231993902 -0.007356
9.00835 8171 -0.0002030261178 -0.018352
9.03133 8361 -0.0003586403499 -0.032794
9.05450 8557 -0.0008085819087 -0.074797
9.07761 8757 -0.001346436136 -0.125998
9.10064 8961 -0.001025494953 -0.097076
9.12369 9170 -0.0007303444217 -0.069938
9.14676 9384 -0.0006609520173 -0.064027
9.16993 9604 -0.0002760952486 -0.027057
9.19299 9828 0.0003247281813 0.032192
9.21602 10057 0.0002848564456 0.028567
9.23912 10292 3.791867609e-7 0.000038
9.26227 10533 -0.0001019336456 -0.010461
9.28536 10779 -0.0002388053635 -0.024793
9.30837 11030 -0.0003497321304 -0.036730
9.33150 11288 -0.0005539102611 -0.058850
9.35453 11551 -0.0009710124786 -0.104360
9.37763 11821 -0.0009534483625 -0.103663
9.40071 12097 -0.0009657016801 -0.106214
9.42384 12380 -0.0005667351579 -0.063058
9.44691 12669 -0.0003320852611 -0.037378
9.47001 12965 0.000008763749042 0.000998
9.49311 13268 0.0003591019436 0.041364
9.51613 13577 0.0004987222286 0.058111
9.53921 13894 0.0006302287578 0.074287
9.56233 14219 0.0006568743221 0.078328
9.58541 14551 0.0005912080015 0.071316
9.60851 14891 0.0005389156037 0.065763
9.63161 15239 0.0005813952145 0.071771
9.65464 15594 0.0003266544937 0.040791
9.67778 15959 -0.0002928380147 -0.036994
9.70082 16331 -0.0006135151633 -0.078403
9.72394 16713 -0.0003896625950 -0.050375
9.74701 17103 0.00007798752156 0.010199
9.77007 17502 0.0004670772981 0.061792
9.79317 17911 0.0004731809203 0.063327
9.81624 18329 0.0002285374622 0.030940
9.83932 18757 0.0002361502270 0.032342
9.86241 19195 0.0001466172183 0.020313
9.88553 19644 0.00008082336124 0.011328
9.90857 20102 0.0002654408274 0.037635
9.93169 20572 0.0003948260958 0.056630
9.95475 21052 0.0005156951020 0.074824
9.97785 21544 0.0005286032522 0.077588
10.00093 22047 0.0001820192927 0.027027
10.02402 22562 -0.00006064853153 -0.009110
10.04711 23089 -0.0001718066860 -0.026106
10.07019 23628 -0.0002428401503 -0.037328
10.09328 24180 -0.00009183203611 -0.014280
10.11634 24744 -0.000008889940365 -0.001398
10.13943 25322 0.0001537567062 0.024467
10.16250 25913 0.00006270701583 0.010094
10.18562 26519 0.0002381016934 0.038774
10.20869 27138 0.0006205559465 0.102228
10.23178 27772 0.0004824084426 0.080393
10.25485 28420 0.0001466080387 0.024716
10.27794 29084 -0.00001672766883 -0.002853
10.30102 29763 -0.0001784748495 -0.030790
10.32410 30458 -0.0001453517455 -0.025367
10.34718 31169 -0.0001058459975 -0.018687
10.37027 31897 -0.0002399913740 -0.042862
10.39336 32642 -0.00004917625422 -0.008885
10.41643 33404 -0.00005641573823 -0.010311
10.43951 34184 -0.0002307785669 -0.042668
10.46262 34983 -0.0003224461191 -0.060309
10.48570 35800 -0.0003115749167 -0.058953
10.50879 36636 -0.00009604118411 -0.018383
10.53186 37491 0.00001452426872 0.002812
10.55495 38367 -0.00004662615543 -0.009133
10.57804 39263 -0.0002072500136 -0.041066
10.60112 40180 -0.0001831330186 -0.036709
10.62420 41118 -0.0004571521121 -0.092699
10.64728 42078 -0.0005012785078 -0.102827
10.67037 43061 -0.0002046930862 -0.042476
10.69344 44066 -0.0002823007007 -0.059260
10.71653 45095 -0.0003142655837 -0.066736
10.73961 46148 -0.0002275292262 -0.048878
10.76270 47226 -0.00001772144478 -0.003851
10.78579 48329 0.00002802558828 0.006161
10.80886 49457 -0.00001132490733 -0.002519
10.83194 50612 0.00002446312546 0.005503
10.85503 51794 0.00003574916437 0.008136
10.87812 53004 0.00008259494260 0.019016
10.90121 54242 0.0002037253169 0.047447
10.92428 55508 0.0002019854084 0.047588
10.94736 56804 0.0002342633772 0.055833
10.97045 58131 0.00003168516605 0.007639
10.99353 59488 0.0002066271651 0.050397
11.01663 60878 0.0005022909852 0.123933
11.03970 62299 0.0004926247812 0.122958
11.06279 63754 0.0003883496322 0.098057
11.08587 65243 0.0004139724155 0.105740
11.10895 66766 0.0003731083052 0.096408
11.13205 68326 0.0001292508944 0.033785
11.15512 69921 0.0001055793444 0.027918
11.17821 71554 0.00005263091006 0.014079
11.20129 73225 0.00001589015371 0.004300
11.22438 74935 -0.000002939073792 -0.000805
11.24746 76685 -0.0001844761069 -0.051085
11.27054 78475 -0.0001660491580 -0.046516
11.29362 80308 -0.0002034393246 -0.057652
11.31670 82183 -0.0002083158851 -0.059719
11.33980 84103 -0.0001036610777 -0.030062
11.36288 86067 -0.00004980150797 -0.014610
11.38596 88076 0.00001417522602 0.004207
11.40904 90133 0.0001497201076 0.044949
11.43213 92238 0.0002022669492 0.061430
11.45521 94392 0.0002068937191 0.063565
11.47829 96596 0.0001173896817 0.036485
11.50138 98852 0.00001802057326 0.005666
11.52446 101160 -0.00008777708715 -0.027918
11.54755 103523 -0.0001197632629 -0.038534
11.57063 105940 -0.0001065429034 -0.034678
11.59371 108414 -0.00003184683832 -0.010486
11.61680 110946 -0.00006846442919 -0.022805
11.63988 113537 -0.0001476897178 -0.049764
11.66296 116188 -0.0001572525306 -0.053602
11.68605 118901 -0.00006770089596 -0.023345
11.70913 121678 -0.00001114657755 -0.003888
11.73221 124519 -0.00004668102331 -0.016472
11.75530 127427 -0.00003687022965 -0.013162
11.77838 130403 -0.00004089568091 -0.014768
11.80147 133448 -0.00003422908991 -0.012504
11.82455 136564 0.00002402792078 0.008879
11.84763 139753 -0.00008263868628 -0.030893
11.87072 143017 -0.0001353487663 -0.051186
11.89380 146357 -0.0001838345770 -0.070329
11.91688 149774 -0.0001435883972 -0.055570
11.93997 153272 -0.0001785042505 -0.069884
11.96305 156851 -0.0001296930242 -0.051364
11.98614 160514 -0.00007005631864 -0.028068
12.00922 164262 -0.00002307969204 -0.009354
12.03230 168098 -0.000004929139331 -0.002021
12.05538 172023 0.0001974374623 0.081888
12.07847 176041 0.0003096108771 0.129904
12.10156 180152 0.0002175134222 0.092322
12.12463 184358 0.00004406209641 0.018919
12.14772 188664 -0.00005962325645 -0.025898
12.17080 193069 0.00004151425694 0.018241
12.19389 197578 0.00008357207091 0.037148
12.21697 202192 -0.00005160007809 -0.023202
12.24005 206913 -0.00009792534301 -0.044544
12.26314 211745 -0.00004893572574 -0.022518
12.28622 216690 -0.00001154959706 -0.005376
12.30931 221750 -0.000005857895217 -0.002759
12.33239 226928 -0.00008069713693 -0.038442
12.35547 232228 0.00005501274188 0.026511
12.37856 237651 0.0001196056407 0.058307
12.40164 243200 0.0001419326362 0.069995
12.42472 248879 0.0001542406232 0.076947
12.44781 254691 0.00007741883830 0.039071
12.47089 260639 0.00006186507672 0.031584
12.49397 266725 0.0001530452417 0.079041
12.51706 272954 0.0002530007504 0.132180
12.54014 279328 0.0001331100866 0.070351
12.56323 285851 -0.00001553036013 -0.008303
12.58631 292526 -0.00007626695870 -0.041249
12.60939 299357 -0.00004520189764 -0.024732
12.63248 306348 0.00003339810986 0.018485
12.65556 313502 0.00003239914532 0.018141
12.67864 320823 0.00003878938447 0.021971
12.70173 328315 0.00005059540785 0.028991
12.72481 335981 0.000002275313519 0.001319
12.74789 343827 0.00002369771059 0.013896
12.77098 351856 -0.000006618774120 -0.003926
12.79406 360073 -0.00006299259646 -0.037799
12.81714 368481 0.00002321791156 0.014094
12.84023 377086 0.00009232339338 0.056693
12.86331 385892 0.00006417679582 0.039867
12.88640 394903 -0.000002759391786 -0.001734
12.90948 404125 -0.0001095626823 -0.069650
12.93256 413562 -0.0002763282464 -0.177703
12.95565 423220 -0.0003180557239 -0.206912
12.97873 433103 -0.0002750243625 -0.180995
13.00181 443217 -0.0001860725867 -0.123877
13.02490 453567 -0.00006639078767 -0.044712
13.04798 464158 -0.000001551118607 -0.001057
13.07106 474997 0.000001449341858 0.000999
13.09415 486090 0.00005889432244 0.041061
13.11723 497441 0.0001227069816 0.086545
13.14032 509057 0.00003698830885 0.026391
13.16340 520945 -0.00007139402484 -0.051530
13.18648 533110 -0.00005149764363 -0.037601
13.20957 545559 -0.00001271461657 -0.009391
13.23265 558299 -0.00003372941989 -0.025202
13.25573 571336 -0.00005710556349 -0.043164
13.27882 584678 -0.00002542664002 -0.019442
13.30190 598332 -0.00001145604374 -0.008861
13.32498 612304 -0.000004949219656 -0.003873
13.34807 626603 -0.00003142807911 -0.024878
13.37115 641235 -0.000001443224659 -0.001156
13.39423 656209 0.00002256198166 0.018277
13.41732 671533 0.0001186972887 0.097269
13.44040 687215 0.0001642534886 0.136164
13.46349 703263 0.0001475404409 0.123729
13.48657 719685 0.0001635842873 0.138776
13.50965 736491 0.0001179988136 0.101265
13.53274 753690 0.00001709509776 0.014841
13.55582 771290 -0.00003355693868 -0.029471
13.57890 789301 -0.00005974761959 -0.053081
13.60199 807733 -0.00005309907862 -0.047722
13.62507 826595 0.00001926308688 0.017513
13.64815 845898 0.00006220002599 0.057207
13.67124 865652 0.00008418988589 0.078331
13.69432 885866 0.00005316243366 0.050037
13.71740 906553 0.00002038036120 0.019405
13.74049 927723 -0.00002382314091 -0.022946
13.76357 949387 -6.178469909e-7 -0.000602
13.78666 971557 0.00005164776125 0.050908
13.80974 994245 0.00008338137962 0.083141
13.83282 1017463 0.00004233235549 0.042700
13.85591 1041223 -0.000005386812261 -0.005497
13.87899 1065537 -0.00002666262978 -0.027522
13.90207 1090420 -0.00004325511806 -0.045168
13.92516 1115883 -0.00005210857013 -0.055045
13.94824 1141942 -0.00009260196868 -0.098956
13.97132 1168608 -0.00009436853081 -0.102014
13.99441 1195898 -0.00006934744897 -0.075836
14.01749 1223824 -0.00002583606593 -0.028582
14.04057 1252403 0.00001640042971 0.018354
14.06366 1281649 0.00001825681070 0.020669
14.08674 1311579 0.000009071505516 0.010389
14.10983 1342207 -0.00002145581203 -0.024857
14.13291 1373550 -0.00004222457574 -0.049487
14.15599 1405625 -0.00002587936113 -0.030682
14.17908 1438449 0.00001789759280 0.021466
14.20216 1472040 0.00002696864544 0.032720
14.22524 1506415 0.00003156541978 0.038742
14.24833 1541593 0.00002585884510 0.032107
14.27141 1577593 0.00002034795493 0.025557
14.29449 1614433 -0.000001529642969 -0.001944
14.31758 1652133 -0.00006275488388 -0.080662
14.34066 1690714 -0.00004440528291 -0.057739
14.36374 1730195 0.000009715732501 0.012780
14.38683 1770599 0.00003741487264 0.049786
14.40991 1811946 0.00002328682538 0.031346
14.43300 1854259 -0.00003393325613 -0.046207
14.45608 1897559 -0.00005897478814 -0.081239
14.47916 1941871 -0.00009037112969 -0.125933
14.50225 1987218 -0.00008469655565 -0.119396
14.52533 2033624 -0.00007704014135 -0.109863
14.54841 2081113 -0.00005319654294 -0.076742
14.57150 2129711 -0.00001384337833 -0.020202
14.59458 2179444 0.00003058763685 0.045156
14.61766 2230339 0.00005150712353 0.076922
14.64075 2282422 0.00004205749704 0.063539
14.66383 2335721 0.00002923183460 0.044675
14.68691 2390265 0.00002641597123 0.040840
14.71000 2446082 0.00003462434916 0.054152
14.73308 2503203 0.00004761233213 0.075330
14.75617 2561658 0.00001982464363 0.031730
14.77925 2621478 0.00001140662659 0.018468
14.80233 2682695 0.00001363534527 0.022333
14.82542 2745342 0.000009795574666 0.016230
14.84850 2809451 0.000002693725353 0.004515
14.87158 2875058 0.00002476241992 0.041987
14.89467 2942196 0.00003619168996 0.062079
14.91775 3010902 0.00004440813806 0.077057
14.94083 3081213 0.00005584392078 0.098025
14.96392 3153166 0.00004779970797 0.084879
14.98700 3226799 0.00005554100431 0.099770
15.01008 3302151 0.00004873557722 0.088561
15.03317 3379263 0.00003902873475 0.071746
15.05625 3458176 -5.551632858e-7 -0.001032
15.07934 3538931 -0.00001782908954 -0.033540
15.10242 3621572 -0.00002913727375 -0.055449
15.12550 3706144 -0.00004379350421 -0.084308
15.14859 3792690 -0.00005749453268 -0.111970
15.17167 3881257 -0.00003606855348 -0.071058
15.19475 3971892 -0.000002128960129 -0.004243
15.21784 4064644 -0.00001430000314 -0.028830
15.24092 4159562 -0.00002657961479 -0.054209
15.26400 4256696 -0.000006017227056 -0.012415
15.28709 4356099 0.00002097788083 0.043784
15.31017 4457822 0.00002950684713 0.062299
15.33325 4561922 0.00001896093151 0.040498
15.35634 4668452 -0.000009653726160 -0.020858
15.37942 4777470 -0.00001862855634 -0.040717
15.40251 4889034 -0.00003392911425 -0.075021
15.42559 5003202 -0.00005599435279 -0.125247
15.44867 5120037 -0.00005644498270 -0.127721
15.47176 5239601 -0.00002488162492 -0.056954
15.49484 5361956 -0.00001820379192 -0.042153
15.51792 5487169 -0.00002193630437 -0.051385
15.54101 5615306 -0.00001908570410 -0.045227
15.56409 5746434 -0.00003278647392 -0.078595
15.58717 5880625 -0.00002712387671 -0.065775
15.61026 6017950 4.991291606e-7 0.001224
15.63334 6158482 0.00003607046043 0.089513
15.65642 6302295 0.00004075139361 0.102304
15.67951 6449466 0.00001264651809 0.032117
15.70259 6600075 -0.000002413052869 -0.006199
15.72568 6754200 -0.000001969310198 -0.005118
15.74876 6911924 -0.000004848971926 -0.012748
15.77184 7073332 -0.000006235686812 -0.016584
15.79493 7238509 0.000001434291648 0.003859
15.81801 7407543 -0.000003605953062 -0.009814
15.84109 7580524 -0.000006390791402 -0.017596
15.86418 7757545 -0.00001532322588 -0.042679
15.88726 7938699 -0.000006145648912 -0.017316
15.91034 8124084 0.00001182082892 0.033693
15.93343 8313798 0.00001901154388 0.054817
15.95651 8507942 0.00003105424420 0.090580
15.97959 8706620 0.00004128493925 0.121819
16.00268 8909938 0.00003699034837 0.110414
16.02576 9118003 0.00002451744209 0.074033
16.04884 9330927 0.000006037161691 0.018441
16.07193 9548823 -0.00001028298667 -0.031776
16.09501 9771808 -0.00001293798911 -0.040444
16.11810 10000000 -0.000007532980394 -0.023821
