logY Y Sw sqrtY_times_Sw
6.90675 999 0.002105891081 0.066561
6.93049 1023 0.001583198459 0.050638
6.95368 1047 0.001730608854 0.055998
6.97635 1071 0.001915448493 0.062685
6.99942 1096 0.001328593856 0.043984
7.02287 1122 0.001494338343 0.050055
7.04578 1148 0.001575853772 0.053393
7.06902 1175 0.001358668737 0.046573
7.09174 1202 0.0002301236958 0.007978
7.11477 1230 -0.0004845736362 -0.016995
7.13807 1259 -0.001106469043 -0.039260
7.16162 1289 -0.001527900953 -0.054856
7.18463 1319 -0.002101824912 -0.076334
7.20712 1349 -0.003397123735 -0.124772
7.23056 1381 -0.004338926560 -0.161242
7.25347 1413 -0.003538857542 -0.133025
7.27656 1446 -0.002418563898 -0.091969
7.29980 1480 -0.001352494798 -0.052032
7.32317 1515 -0.00001322317391 -0.000515
7.34601 1550 0.001605381115 0.063204
7.36897 1586 0.0007228210308 0.028786
7.39203 1623 -0.001465508995 -0.059040
7.41518 1661 -0.003346910133 -0.136405
7.43838 1700 -0.004347210420 -0.179240
7.46164 1740 -0.005097296811 -0.212625
7.48437 1780 -0.005131489186 -0.216498
7.50769 1822 -0.004619508085 -0.197183
7.53048 1864 -0.002988455459 -0.129024
7.55381 1908 -0.001018575235 -0.044492
7.57712 1953 0.001126822818 0.049797
7.59990 1998 0.002015787524 0.090104
7.62315 2045 0.002338305505 0.105742
7.64635 2093 0.002464938892 0.112769
7.66950 2142 0.002706275964 0.125251
7.69257 2192 0.001986039852 0.092984
7.71557 2243 0.001383250267 0.065511
7.73849 2295 0.002266459619 0.108577
7.76174 2349 0.002900114393 0.140558
7.78489 2404 0.002114051183 0.103653
7.80792 2460 0.0004739086448 0.023505
7.83082 2517 -0.0005405306973 -0.027118
7.85399 2576 -0.0005096319846 -0.025866
7.87702 2636 0.00006628099942 0.003403
7.90027 2698 0.001014931405 0.052718
7.92335 2761 0.001706922986 0.089691
7.94626 2825 0.001579777030 0.083966
7.96936 2891 0.001213393821 0.065242
7.99261 2959 0.0003988265194 0.021695
8.01566 3028 0.00002924450104 0.001609
8.03883 3099 -0.0003141096331 -0.017486
8.06180 3171 -0.001045235861 -0.058859
8.08487 3245 -0.001680912643 -0.095753
8.10802 3321 -0.001539709934 -0.088731
8.13094 3398 -0.001057782463 -0.061661
8.15421 3478 -0.0005522269171 -0.032567
8.17723 3559 0.0005551361043 0.033118
8.20029 3642 0.0007748804829 0.046763
8.22336 3727 0.0002259300723 0.013793
8.24643 3814 0.0001100181355 0.006794
8.26950 3903 -0.0002202710332 -0.013761
8.29255 3994 -0.0008360932607 -0.052840
8.31581 4088 -0.0008820498114 -0.056396
8.33878 4183 -0.00004528565834 -0.002929
8.36194 4281 0.0009011504760 0.058962
8.38503 4381 0.001039678258 0.068815
8.40805 4483 -0.0001238778451 -0.008294
8.43120 4588 -0.0007743241114 -0.052449
8.45425 4695 -0.001121465054 -0.076843
8.47741 4805 -0.0006247971433 -0.043310
8.50045 4917 -0.0009332432033 -0.065440
8.52357 5032 -0.0007290942156 -0.051719
8.54656 5149 -0.0004258381175 -0.030557
8.56960 5269 -0.0005284397010 -0.038358
8.59267 5392 -0.0003658209449 -0.026862
8.61577 5518 -0.0002681804231 -0.019921
8.63888 5647 0.0001956691098 0.014704
8.66199 5779 0.0004193978497 0.031883
8.68508 5914 0.0002493019204 0.019172
8.70814 6052 0.0002667178980 0.020749
8.73134 6194 0.0006923129612 0.054486
8.75432 6338 0.001277687528 0.101719
8.77740 6486 0.001758548285 0.141626
8.80057 6638 0.002153905295 0.175487
8.82365 6793 0.001638863493 0.135075
8.84664 6951 0.001265375156 0.105498
8.86982 7114 0.0006281042037 0.052977
8.89289 7280 0.0004427921321 0.037780
8.91597 7450 0.0004255812947 0.036733
8.93906 7624 0.0006798569298 0.059362
8.96214 7802 0.0006398907881 0.056521
8.98519 7984 0.0006068484753 0.054224
9.00835 8171 0.0004054312570 0.036648
9.03133 8361 -0.0001329331244 -0.012155
9.05450 8557 -0.0004482661793 -0.041466
9.07761 8757 -0.0002506738815 -0.023458
9.10064 8961 -0.0002853508772 -0.027012
9.12369 9170 -0.0003859063164 -0.036954
9.14676 9384 -0.0005685062128 -0.055072
9.16993 9604 -0.0006694986351 -0.065611
9.19299 9828 -0.0007709784816 -0.076432
9.21602 10057 -0.001498157280 -0.150242
9.23912 10292 -0.001980378890 -0.200908
9.26227 10533 -0.001804135298 -0.185159
9.28536 10779 -0.001272339893 -0.132097
9.30837 11030 -0.001063437164 -0.111686
9.33150 11288 -0.0009382009099 -0.099679
9.35453 11551 -0.0006201646146 -0.066653
9.37763 11821 -0.0005592884010 -0.060808
9.40071 12097 -0.0003371912835 -0.037086
9.42384 12380 -0.0002349664280 -0.026144
9.44691 12669 -0.0005347577657 -0.060191
9.47001 12965 -0.0003132772255 -0.035671
9.49311 13268 -0.0001402290698 -0.016153
9.51613 13577 0.0002321885358 0.027055
9.53921 13894 0.0004942917862 0.058264
9.56233 14219 0.0005475196446 0.065288
9.58541 14551 0.0007329487578 0.088414
9.60851 14891 0.0007570372743 0.092380
9.63161 15239 0.0005338826132 0.065906
9.65464 15594 0.0005171367609 0.064578
9.67778 15959 0.0005246801353 0.066282
9.70082 16331 0.0008004457923 0.102291
9.72394 16713 0.0007518783849 0.097202
9.74701 17103 0.0008267720560 0.108124
9.77007 17502 0.0005660008175 0.074879
9.79317 17911 0.0002851634745 0.038164
9.81624 18329 0.000004760753208 0.000645
9.83932 18757 -0.0005453107985 -0.074684
9.86241 19195 -0.0007896590286 -0.109404
9.88553 19644 -0.0006993251935 -0.098015
9.90857 20102 -0.0005942460986 -0.084253
9.93169 20572 -0.0006165196770 -0.088427
9.95475 21052 -0.0005418978410 -0.078626
9.97785 21544 -0.0006506543889 -0.095502
10.00093 22047 -0.0004561003185 -0.067723
10.02402 22562 0.000001895597190 0.000285
10.04711 23089 0.00001643706564 0.002498
10.07019 23628 0.000006590175316 0.001013
10.09328 24180 0.0001949214841 0.030310
10.11634 24744 0.0004310692462 0.067808
10.13943 25322 0.0004980508002 0.079254
10.16250 25913 0.0005203502844 0.083763
10.18562 26519 0.0004644322608 0.075631
10.20869 27138 0.0002701724827 0.044507
10.23178 27772 0.0001492987881 0.024881
10.25485 28420 -0.00002279526385 -0.003843
10.27794 29084 -0.0001471702288 -0.025098
10.30102 29763 -0.0001823072505 -0.031452
10.32410 30458 -0.0001875301357 -0.032728
10.34718 31169 -0.00009755157303 -0.017222
10.37027 31897 0.00009746327637 0.017407
10.39336 32642 0.0002756539029 0.049803
10.41643 33404 0.0004729972552 0.086449
10.43951 34184 0.0005205190059 0.096238
10.46262 34983 0.0001092018415 0.020425
10.48570 35800 -0.0003338908405 -0.063175
10.50879 36636 -0.0003928506143 -0.075194
10.53186 37491 -0.0005408386135 -0.104720
10.55495 38367 -0.0005397569353 -0.105725
10.57804 39263 -0.0004914845399 -0.097387
10.60112 40180 -0.0003615745468 -0.072477
10.62420 41118 -0.0001750806732 -0.035502
10.64728 42078 -0.0001830485663 -0.037549
10.67037 43061 -0.0002693234996 -0.055888
10.69344 44066 0.00003658359602 0.007680
10.71653 45095 0.0004016894567 0.085301
10.73961 46148 0.0006045091936 0.129861
10.76270 47226 0.0006573248787 0.142847
10.78579 48329 0.0004923349236 0.108234
10.80886 49457 0.0002752344719 0.061209
10.83194 50612 0.0002790990741 0.062789
10.85503 51794 0.0004778243617 0.108745
10.87812 53004 0.0006283539357 0.144663
10.90121 54242 0.0006163275848 0.143542
10.92428 55508 0.0004241200982 0.099923
10.94736 56804 0.0003972712321 0.094684
10.97045 58131 0.0003952963061 0.095307
10.99353 59488 0.0004174468237 0.101816
11.01663 60878 0.0001934875903 0.047740
11.03970 62299 0.0001480644973 0.036957
11.06279 63754 -0.0001156471667 -0.029200
11.08587 65243 -0.0004154200549 -0.106110
11.10895 66766 -0.0003995165729 -0.103232
11.13205 68326 -0.0003472537480 -0.090769
11.15512 69921 -0.0004551446867 -0.120352
11.17821 71554 -0.0004139103598 -0.110719
11.20129 73225 -0.0002827609340 -0.076515
11.22438 74935 -0.0001967302965 -0.053853
11.24746 76685 -0.0002435738165 -0.067451
11.27054 78475 -0.0003210431100 -0.089935
11.29362 80308 -0.0001884703452 -0.053410
11.31670 82183 -0.0001501096137 -0.043033
11.33980 84103 -0.00009163430415 -0.026574
11.36288 86067 -0.00007847553125 -0.023023
11.38596 88076 0.00006463864233 0.019183
11.40904 90133 0.00001226147439 0.003681
11.43213 92238 0.000003529030804 0.001072
11.45521 94392 0.00006123526560 0.018813
11.47829 96596 0.00001621418271 0.005039
11.50138 98852 0.000004911112618 0.001544
11.52446 101160 0.00002407337616 0.007657
11.54755 103523 0.00006344847637 0.020415
11.57063 105940 0.0001006993128 0.032776
11.59371 108414 -0.000001596380760 -0.000526
11.61680 110946 -0.00001694309543 -0.005644
11.63988 113537 -0.00001703046590 -0.005738
11.66296 116188 -0.00005400093485 -0.018407
11.68605 118901 -0.0001286681475 -0.044367
11.70913 121678 -0.000001348633679 -0.000470
11.73221 124519 -0.00004244986130 -0.014979
11.75530 127427 -0.0002252676603 -0.080414
11.77838 130403 -0.0002646914409 -0.095584
11.80147 133448 -0.0001843060103 -0.067328
11.82455 136564 -0.00006092987042 -0.022516
11.84763 139753 0.00004396895162 0.016437
11.87072 143017 0.0001203752690 0.045523
11.89380 146357 -0.000002813792778 -0.001076
11.91688 149774 -0.0001079443895 -0.041775
11.93997 153272 0.00005664166274 0.022175
11.96305 156851 0.0002400575981 0.095073
11.98614 160514 0.0004509454691 0.180668
12.00922 164262 0.0005242676443 0.212482
12.03230 168098 0.0003743932678 0.153500
12.05538 172023 0.0002117191142 0.087812
12.07847 176041 0.0001720139276 0.072172
12.10156 180152 0.0001553434474 0.065934
12.12463 184358 0.0001061320362 0.045570
12.14772 188664 -0.00005286426352 -0.022962
12.17080 193069 -0.0001193706741 -0.052451
12.19389 197578 -0.0001574783467 -0.069999
12.21697 202192 -0.0001616698105 -0.072696
12.24005 206913 -0.0002089224583 -0.095034
12.26314 211745 -0.0002805803695 -0.129111
12.28622 216690 -0.0002496365995 -0.116206
12.30931 221750 -0.0001860886559 -0.087630
12.33239 226928 -0.0001242809790 -0.059204
12.35547 232228 -0.0001143057682 -0.055084
12.37856 237651 -0.0001592002866 -0.077609
12.40164 243200 -0.0001487733055 -0.073368
12.42472 248879 -0.0001657864993 -0.082707
12.44781 254691 -0.0001555396563 -0.078496
12.47089 260639 -0.0001281218897 -0.065410
12.49397 266725 -0.0001266790537 -0.065424
12.51706 272954 -0.0001424149253 -0.074405
12.54014 279328 -0.00004732240155 -0.025011
12.56323 285851 0.00008536708132 0.045642
12.58631 292526 0.0001379308416 0.074601
12.60939 299357 0.0001706893573 0.093390
12.63248 306348 0.0001172955009 0.064922
12.65556 313502 0.00004114925653 0.023040
12.67864 320823 0.00005452717115 0.030885
12.70173 328315 0.0001496191618 0.085730
12.72481 335981 0.0002055210079 0.119128
12.74789 343827 0.0002126730209 0.124705
12.77098 351856 0.0001405214650 0.083354
12.79406 360073 0.0001162301405 0.069745
12.81714 368481 0.0001697347127 0.103033
12.84023 377086 0.0001824073998 0.112012
12.86331 385892 0.0002201083704 0.136732
12.88640 394903 0.0001856988796 0.116696
12.90948 404125 0.0002036760761 0.129479
12.93256 413562 0.0001747183460 0.112359
12.95565 423220 0.0001624589612 0.105688
12.97873 433103 0.0001346160303 0.088592
13.00181 443217 0.00009455627614 0.062950
13.02490 453567 0.00004298653011 0.028950
13.04798 464158 -0.000005021645895 -0.003421
13.07106 474997 -0.00003917025353 -0.026996
13.09415 486090 -0.00007661383318 -0.053415
13.11723 497441 -0.00005241608242 -0.036969
13.14032 509057 0.00002087237448 0.014892
13.16340 520945 0.00002857331447 0.020623
13.18648 533110 -0.00004625922779 -0.033776
13.20957 545559 -0.0001265027781 -0.093437
13.23265 558299 -0.0001544107687 -0.115375
13.25573 571336 -0.0001498930339 -0.113299
13.27882 584678 -0.0001292293182 -0.098814
13.30190 598332 -0.0001080018419 -0.083542
13.32498 612304 -0.00006671057516 -0.052201
13.34807 626603 -0.00004817974663 -0.038138
13.37115 641235 -0.00006241452892 -0.049980
13.39423 656209 -0.00006589706884 -0.053381
13.41732 671533 -0.00006358997126 -0.052110
13.44040 687215 -0.00005483146902 -0.045454
13.46349 703263 -0.00005191482831 -0.043536
13.48657 719685 -0.00009845571734 -0.083524
13.50965 736491 -0.0001156429163 -0.099244
13.53274 753690 -0.00008913171233 -0.077380
13.55582 771290 -0.00006004307991 -0.052732
13.57890 789301 -0.00003781120889 -0.033592
13.60199 807733 -0.00006249256327 -0.056165
13.62507 826595 -0.00004865116245 -0.044232
13.64815 845898 -0.00002586025529 -0.023784
13.67124 865652 -0.00003001484918 -0.027926
13.69432 885866 -0.00001735154855 -0.016331
13.71740 906553 0.00002416080540 0.023004
13.74049 927723 0.000009921282643 0.009556
13.76357 949387 -0.00003583002363 -0.034912
13.78666 971557 -0.00006957061071 -0.068574
13.80974 994245 -0.0001011779490 -0.100886
13.83282 1017463 -0.0001245185836 -0.125601
13.85591 1041223 -0.0001469633656 -0.149962
13.87899 1065537 -0.0001052325373 -0.108626
13.90207 1090420 -0.00004981374789 -0.052017
13.92516 1115883 -0.000005707151075 -0.006029
13.94824 1141942 0.00003165945263 0.033832
13.97132 1168608 0.00009690756151 0.104759
13.99441 1195898 0.0001656372181 0.181136
14.01749 1223824 0.0001837774931 0.203307
14.04057 1252403 0.0001665948375 0.186438
14.06366 1281649 0.0001269085804 0.143673
14.08674 1311579 0.00008106872719 0.092843
14.10983 1342207 0.00003299074702 0.038221
14.13291 1373550 0.000003264879090 0.003826
14.15599 1405625 0.000007454800227 0.008838
14.17908 1438449 -0.000004798516585 -0.005755
14.20216 1472040 -0.000006592104874 -0.007998
14.22524 1506415 -0.00002204040583 -0.027052
14.24833 1541593 -0.00005496218322 -0.068242
14.27141 1577593 -0.00002649747963 -0.033281
14.29449 1614433 0.000001657723583 0.002106
14.31758 1652133 0.00001056055369 0.013574
14.34066 1690714 -0.00001106770274 -0.014391
14.36374 1730195 -0.00003131881869 -0.041196
14.38683 1770599 -0.000008528248202 -0.011348
14.40991 1811946 -0.00001656987130 -0.022304
14.43300 1854259 -0.00005993112707 -0.081609
14.45608 1897559 -0.00007721690456 -0.106368
14.47916 1941871 -0.00007244387633 -0.100951
14.50225 1987218 -0.00003020197444 -0.042575
14.52533 2033624 0.00002316883102 0.033040
14.54841 2081113 0.00004156675661 0.059964
14.57150 2129711 0.00001225996432 0.017892
14.59458 2179444 0.00002789590459 0.041183
14.61766 2230339 0.00004922842570 0.073519
14.64075 2282422 0.00009074061941 0.137088
14.66383 2335721 0.0001129293507 0.172591
14.68691 2390265 0.0001105422372 0.170904
14.71000 2446082 0.00009041769365 0.141413
14.73308 2503203 0.00006751581398 0.106820
14.75617 2561658 0.00005389563991 0.086261
14.77925 2621478 0.00007912801819 0.128116
14.80233 2682695 0.00009286775141 0.152107
14.82542 2745342 0.0001074387217 0.178016
14.84850 2809451 0.00009359381785 0.156877
14.87158 2875058 0.00006044693086 0.102494
14.89467 2942196 0.000002064312801 0.003541
14.91775 3010902 -0.00004296996396 -0.074561
14.94083 3081213 -0.00007339269907 -0.128829
14.96392 3153166 -0.00007533695494 -0.133777
14.98700 3226799 -0.00005103364222 -0.091673
15.01008 3302151 -0.00003238625744 -0.058852
15.03317 3379263 -0.00003850060304 -0.070775
15.05625 3458176 -0.00004307216953 -0.080098
15.07934 3538931 -0.00003617350624 -0.068050
15.10242 3621572 -0.00002938895635 -0.055928
15.12550 3706144 -0.00002498510873 -0.048100
15.14859 3792690 -0.00002352256660 -0.045810
15.17167 3881257 -0.00002492387264 -0.049102
15.19475 3971892 -0.00002218829892 -0.044220
15.21784 4064644 -0.00002101177864 -0.042362
15.24092 4159562 -0.000002007725827 -0.004095
15.26400 4256696 0.000005925963997 0.012226
15.28709 4356099 0.00002222666623 0.046390
15.31017 4457822 0.00001542662886 0.032571
15.33325 4561922 7.970696029e-7 0.001702
15.35634 4668452 0.000001181599768 0.002553
15.37942 4777470 0.000002090983278 0.004570
15.40251 4889034 0.00002747377193 0.060748
15.42559 5003202 0.00004672975958 0.104524
15.44867 5120037 0.00002779584132 0.062895
15.47176 5239601 0.000007792325495 0.017837
15.49484 5361956 0.000001392072141 0.003223
15.51792 5487169 -0.00003422172557 -0.080163
15.54101 5615306 -0.00004840568725 -0.114705
15.56409 5746434 -0.00004395079728 -0.105358
15.58717 5880625 -0.00002869793899 -0.069593
15.61026 6017950 -0.00002974442680 -0.072968
15.63334 6158482 -0.00001399883291 -0.034740
15.65642 6302295 -0.00001567101630 -0.039341
15.67951 6449466 -0.00002307159800 -0.058592
15.70259 6600075 -0.00002497018404 -0.064150
15.72568 6754200 -0.00002682408353 -0.069713
15.74876 6911924 -0.00002797764579 -0.073555
15.77184 7073332 -0.00002151621834 -0.057224
15.79493 7238509 -0.000003793010179 -0.010205
15.81801 7407543 0.00001599706954 0.043539
15.84109 7580524 0.00001931070569 0.053168
15.86418 7757545 0.00004006795649 0.111599
15.88726 7938699 0.00007311819068 0.206016
15.91034 8124084 0.00008099259166 0.230851
15.93343 8313798 0.00006950820337 0.200418
15.95651 8507942 0.00006055656430 0.176634
15.97959 8706620 0.00006250074588 0.184421
16.00268 8909938 0.00006234461309 0.186096
16.02576 9118003 0.00004720784092 0.142549
16.04884 9330927 0.00003710940847 0.113356
16.07193 9548823 0.00003008369462 0.092962
16.09501 9771808 0.00003711017035 0.116006
16.11810 10000000 0.00002809285541 0.088837
