logY Y Sw sqrtY_times_Sw
6.90675 999 -0.001407954344 -0.044501
6.93049 1023 -0.0009020133281 -0.028850
6.95368 1047 -0.002919064513 -0.094453
6.97635 1071 -0.002974686179 -0.097350
6.99942 1096 -0.003125404929 -0.103469
7.02287 1122 -0.002273611829 -0.076158
7.04578 1148 -0.002628050862 -0.089044
7.06902 1175 -0.003080434926 -0.105592
7.09174 1202 -0.002188860315 -0.075888
7.11477 1230 -0.003910316437 -0.137140
7.13807 1259 -0.005276311289 -0.187216
7.16162 1289 -0.003615985503 -0.129823
7.18463 1319 -0.003122936207 -0.113419
7.20712 1349 -0.004511339520 -0.165696
7.23056 1381 -0.003905689627 -0.145142
7.25347 1413 -0.004412349068 -0.165860
7.27656 1446 -0.002031679205 -0.077257
7.29980 1480 0.002059011627 0.079212
7.32317 1515 0.003697293266 0.143910
7.34601 1550 0.004454878414 0.175389
7.36897 1586 0.005707426910 0.227296
7.39203 1623 0.007076723263 0.285096
7.41518 1661 0.007117880304 0.290092
7.43838 1700 0.006077484840 0.250581
7.46164 1740 0.004226347727 0.176295
7.48437 1780 0.002762300420 0.116542
7.50769 1822 0.003033329556 0.129477
7.53048 1864 0.002043680817 0.088234
7.55381 1908 0.003839973370 0.167733
7.57712 1953 0.004743954022 0.209648
7.59990 1998 0.004474113703 0.199988
7.62315 2045 0.002762465077 0.124923
7.64635 2093 0.0009873991116 0.045173
7.66950 2142 -0.0006703263466 -0.031024
7.69257 2192 0.00007378486091 0.003455
7.71557 2243 -0.00002343840540 -0.001110
7.73849 2295 -0.0008194557169 -0.039257
7.76174 2349 -0.0006781004409 -0.032865
7.78489 2404 -0.00001237445663 -0.000607
7.80792 2460 0.0009866905542 0.048938
7.83082 2517 0.001314268094 0.065936
7.85399 2576 0.00002929369495 0.001487
7.87702 2636 -0.0009079364775 -0.046615
7.90027 2698 -0.001536756587 -0.079823
7.92335 2761 -0.001922621921 -0.101025
7.94626 2825 -0.001839877004 -0.097791
7.96936 2891 -0.0008945002139 -0.048096
7.99261 2959 -0.001385122132 -0.075346
8.01566 3028 -0.001811782544 -0.099697
8.03883 3099 -0.002906976862 -0.161828
8.06180 3171 -0.004667018962 -0.262807
8.08487 3245 -0.006363848007 -0.362516
8.10802 3321 -0.006894775651 -0.397333
8.13094 3398 -0.007053420795 -0.411161
8.15421 3478 -0.004949270238 -0.291881
8.17723 3559 -0.003930975907 -0.234512
8.20029 3642 -0.003865185402 -0.233260
8.22336 3727 -0.002967266769 -0.181149
8.24643 3814 -0.003173734459 -0.196002
8.26950 3903 -0.002672610470 -0.166969
8.29255 3994 -0.001801087505 -0.113825
8.31581 4088 -0.001668837045 -0.106701
8.33878 4183 -0.00001776966346 -0.001149
8.36194 4281 0.001722362270 0.112693
8.38503 4381 0.003271415081 0.216532
8.40805 4483 0.002881436155 0.192927
8.43120 4588 0.003613904609 0.244787
8.45425 4695 0.005036619317 0.345110
8.47741 4805 0.005861338235 0.406297
8.50045 4917 0.006428562247 0.450779
8.52357 5032 0.007096917867 0.503431
8.54656 5149 0.006309940053 0.452779
8.56960 5269 0.004602659200 0.334097
8.59267 5392 0.003038633248 0.223128
8.61577 5518 0.002255735296 0.167563
8.63888 5647 0.002288423904 0.171967
8.66199 5779 0.001648088001 0.125287
8.68508 5914 0.0008104017492 0.062322
8.70814 6052 -0.0006280776694 -0.048861
8.73134 6194 -0.002068506474 -0.162796
8.75432 6338 -0.002384812075 -0.189859
8.77740 6486 -0.001584316354 -0.127594
8.80057 6638 -0.001115074655 -0.090850
8.82365 6793 -0.0008856328493 -0.072994
8.84664 6951 -0.000004038731336 -0.000337
8.86982 7114 -0.00005062887813 -0.004270
8.89289 7280 -0.0004590139508 -0.039164
8.91597 7450 -0.001775001114 -0.153206
8.93906 7624 -0.001454909471 -0.127036
8.96214 7802 -0.0009004833588 -0.079539
8.98519 7984 -0.0007646234398 -0.068322
9.00835 8171 -0.0009323425510 -0.084278
9.03133 8361 -0.001230524516 -0.112517
9.05450 8557 -0.0004994994136 -0.046206
9.07761 8757 -0.0007932194052 -0.074229
9.10064 8961 -0.001259816098 -0.119257
9.12369 9170 -0.0009963075272 -0.095407
9.14676 9384 -0.001236795041 -0.119810
9.16993 9604 -0.002009812992 -0.196962
9.19299 9828 -0.001804461616 -0.178888
9.21602 10057 -0.002167733985 -0.217390
9.23912 10292 -0.001798730729 -0.182480
9.26227 10533 -0.001076737816 -0.110506
9.28536 10779 -0.0008059016230 -0.083670
9.30837 11030 -0.001129932001 -0.118670
9.33150 11288 -0.001414647341 -0.150299
9.35453 11551 -0.001238433207 -0.133101
9.37763 11821 -0.0008746388613 -0.095095
9.40071 12097 -0.0006635685685 -0.072983
9.42384 12380 -0.00006360306207 -0.007077
9.44691 12669 0.00005329430601 0.005999
9.47001 12965 0.0004482650376 0.051041
9.49311 13268 0.0003735620949 0.043029
9.51613 13577 0.0004893113053 0.057015
9.53921 13894 0.001288265904 0.151852
9.56233 14219 0.002328625942 0.277673
9.58541 14551 0.002309166934 0.278549
9.60851 14891 0.002505483255 0.305741
9.63161 15239 0.002647725899 0.326852
9.65464 15594 0.002357528714 0.294399
9.67778 15959 0.001795052982 0.226767
9.70082 16331 0.0008678493507 0.110905
9.72394 16713 0.0001071206098 0.013848
9.74701 17103 -0.0002853655772 -0.037320
9.77007 17502 -0.0004261495497 -0.056378
9.79317 17911 -0.0004613183739 -0.061739
9.81624 18329 -0.0001896874363 -0.025681
9.83932 18757 -0.0001428401065 -0.019563
9.86241 19195 0.0001767216608 0.024484
9.88553 19644 0.0002903579883 0.040696
9.90857 20102 0.0004712569861 0.066816
9.93169 20572 0.0005861850603 0.084076
9.95475 21052 0.0004980673039 0.072266
9.97785 21544 0.0004256820441 0.062481
10.00093 22047 -0.00007559182200 -0.011224
10.02402 22562 -0.0007476047650 -0.112295
10.04711 23089 -0.0009834421205 -0.149435
10.07019 23628 -0.0008401925883 -0.129149
10.09328 24180 -0.0003436335212 -0.053435
10.11634 24744 0.0002431732127 0.038252
10.13943 25322 0.0006410427053 0.102008
10.16250 25913 0.0009479079224 0.152590
10.18562 26519 0.0009234473628 0.150380
10.20869 27138 0.001052309011 0.173353
10.23178 27772 0.001551238203 0.258513
10.25485 28420 0.001602010959 0.270071
10.27794 29084 0.001101476304 0.187846
10.30102 29763 0.0002803262776 0.048362
10.32410 30458 0.00001289120794 0.002250
10.34718 31169 -0.00003766652615 -0.006650
10.37027 31897 -0.0001532685250 -0.027373
10.39336 32642 -0.0004421371405 -0.079881
10.41643 33404 -0.0007056498578 -0.128970
10.43951 34184 -0.0005094763138 -0.094197
10.46262 34983 -0.0004439592745 -0.083037
10.48570 35800 -0.0006474798478 -0.122509
10.50879 36636 -0.0005641009351 -0.107972
10.53186 37491 -0.0006049155285 -0.117127
10.55495 38367 -0.0007568979692 -0.148257
10.57804 39263 -0.0009689716271 -0.192001
10.60112 40180 -0.0008684484491 -0.174080
10.62420 41118 -0.0006884499858 -0.139601
10.64728 42078 -0.0007181409973 -0.147312
10.67037 43061 -0.001092190581 -0.226642
10.69344 44066 -0.0009033204651 -0.189624
10.71653 45095 -0.0006317812880 -0.134162
10.73961 46148 -0.0005837634774 -0.125405
10.76270 47226 -0.0006030243964 -0.131047
10.78579 48329 -0.0009758325743 -0.214526
10.80886 49457 -0.001141742904 -0.253911
10.83194 50612 -0.0008437084921 -0.189810
10.85503 51794 -0.0006336922296 -0.144218
10.87812 53004 -0.0007328315916 -0.168717
10.90121 54242 -0.0008830906180 -0.205671
10.92428 55508 -0.001025321521 -0.241567
10.94736 56804 -0.001021597088 -0.243483
10.97045 58131 -0.0005893975835 -0.142106
10.99353 59488 -0.0001339244602 -0.032664
11.01663 60878 -0.0001296699467 -0.031994
11.03970 62299 -0.000008570482811 -0.002139
11.06279 63754 0.0002020766592 0.051023
11.08587 65243 0.0004895361517 0.125041
11.10895 66766 0.0005709370369 0.147525
11.13205 68326 0.0006540418408 0.170962
11.15512 69921 0.0006937571497 0.183447
11.17821 71554 0.0009422489786 0.252048
11.20129 73225 0.001005600805 0.272117
11.22438 74935 0.0009012014576 0.246697
11.24746 76685 0.001005367571 0.278407
11.27054 78475 0.001083114720 0.303417
11.29362 80308 0.001039211335 0.294499
11.31670 82183 0.0009196112809 0.263630
11.33980 84103 0.0007747133341 0.224671
11.36288 86067 0.0007979064474 0.234083
11.38596 88076 0.0008886615919 0.263733
11.40904 90133 0.0007479741592 0.224558
11.43213 92238 0.0007329729447 0.222609
11.45521 94392 0.0007719046603 0.237154
11.47829 96596 0.0005535672809 0.172048
11.50138 98852 0.00004656950882 0.014642
11.52446 101160 -0.0002455930564 -0.078112
11.54755 103523 -0.0003216079385 -0.103477
11.57063 105940 -0.0003956803073 -0.128788
11.59371 108414 -0.0003917390000 -0.128985
11.61680 110946 -0.0004476650902 -0.149111
11.63988 113537 -0.0006711777658 -0.226155
11.66296 116188 -0.0006778269577 -0.231047
11.68605 118901 -0.0005152199916 -0.177658
11.70913 121678 -0.0002393902780 -0.083505
11.73221 124519 -0.0001377269378 -0.048600
11.75530 127427 -0.0003210123800 -0.114592
11.77838 130403 -0.0004605436124 -0.166309
11.80147 133448 -0.0006846060800 -0.250090
11.82455 136564 -0.0009169023885 -0.338837
11.84763 139753 -0.0008879182479 -0.331935
11.87072 143017 -0.0006229537920 -0.235586
11.89380 146357 -0.0004401029832 -0.168369
11.91688 149774 -0.0004660569886 -0.180367
11.93997 153272 -0.0004463193295 -0.174734
11.96305 156851 -0.0003739188079 -0.148088
11.98614 160514 -0.0001538190397 -0.061626
12.00922 164262 0.00008841725658 0.035835
12.03230 168098 0.0003239716478 0.132828
12.05538 172023 0.0004881354899 0.202457
12.07847 176041 0.0005508686600 0.231129
12.10156 180152 0.0004538112028 0.192617
12.12463 184358 0.0002927942856 0.125717
12.14772 188664 0.0002726298336 0.118418
12.17080 193069 0.0002468234400 0.108453
12.19389 197578 0.0002887441814 0.128346
12.21697 202192 0.0003075652913 0.138299
12.24005 206913 0.0004217572135 0.191848
12.26314 211745 0.0005829463626 0.268247
12.28622 216690 0.0006289592498 0.292780
12.30931 221750 0.0007157176670 0.337034
12.33239 226928 0.0007431079390 0.353994
12.35547 232228 0.0005921757455 0.285370
12.37856 237651 0.0004809106682 0.234441
12.40164 243200 0.0002995095292 0.147704
12.42472 248879 0.00005295817094 0.026420
12.44781 254691 -0.0001630926156 -0.082308
12.47089 260639 -0.0001559034982 -0.079593
12.49397 266725 0.00001999112011 0.010324
12.51706 272954 0.0002109538325 0.110213
12.54014 279328 0.0003408770794 0.180159
12.56323 285851 0.0002131251964 0.113947
12.58631 292526 0.0001222537747 0.066122
12.60939 299357 0.0001758498868 0.096214
12.63248 306348 0.0001760895900 0.097463
12.65556 313502 0.0002087811311 0.116899
12.67864 320823 0.0002052549940 0.116259
12.70173 328315 -0.00002744440415 -0.015725
12.72481 335981 -0.0002520252459 -0.146084
12.74789 343827 -0.0003838707543 -0.225089
12.77098 351856 -0.0005541365753 -0.328700
12.79406 360073 -0.0005789911215 -0.347430
12.81714 368481 -0.0005773110982 -0.350443
12.84023 377086 -0.0005191307769 -0.318784
12.86331 385892 -0.0004921830008 -0.305745
12.88640 394903 -0.0004367895355 -0.274484
12.90948 404125 -0.0004846601630 -0.308102
12.93256 413562 -0.0004800936817 -0.308742
12.95565 423220 -0.0003830378366 -0.249187
12.97873 433103 -0.0003998214289 -0.263125
13.00181 443217 -0.0004090174244 -0.272301
13.02490 453567 -0.0003822204346 -0.257415
13.04798 464158 -0.0003827452825 -0.260761
13.07106 474997 -0.0003550567528 -0.244705
13.09415 486090 -0.0001853657861 -0.129237
13.11723 497441 -0.00007804148353 -0.055042
13.14032 509057 0.00007368605570 0.052574
13.16340 520945 0.0001812295163 0.130805
13.18648 533110 0.0002924337856 0.213519
13.20957 545559 0.0004058595877 0.299776
13.23265 558299 0.0004077697297 0.304683
13.25573 571336 0.0004193397556 0.316965
13.27882 584678 0.0003934628379 0.300858
13.30190 598332 0.0003569945620 0.276142
13.32498 612304 0.0003156038007 0.246960
13.34807 626603 0.0003214145653 0.254426
13.37115 641235 0.0002451869098 0.196339
13.39423 656209 0.0001798108185 0.145659
13.41732 671533 0.0001394334269 0.114262
13.44040 687215 0.0001244731922 0.103186
13.46349 703263 0.0001551222928 0.130087
13.48657 719685 0.0001357688572 0.115178
13.50965 736491 0.00007213554079 0.061906
13.53274 753690 -0.00004055458985 -0.035208
13.55582 771290 -0.000001777257725 -0.001561
13.57890 789301 -0.00004600463509 -0.040872
13.60199 807733 -0.00006467368419 -0.058125
13.62507 826595 -0.00005947520925 -0.054073
13.64815 845898 0.000006011101225 0.005529
13.67124 865652 0.00004724973515 0.043961
13.69432 885866 0.00008223963353 0.077404
13.71740 906553 0.0001030099205 0.098079
13.74049 927723 0.0001039575598 0.100130
13.76357 949387 0.00009091378105 0.088583
13.78666 971557 0.00002558662311 0.025220
13.80974 994245 -0.000002533119200 -0.002526
13.83282 1017463 0.000004265938483 0.004303
13.85591 1041223 0.00002916551909 0.029761
13.87899 1065537 -0.00001224268995 -0.012637
13.90207 1090420 -0.00008620480894 -0.090018
13.92516 1115883 -0.00008834105327 -0.093319
13.94824 1141942 -0.00007590834983 -0.081117
13.97132 1168608 -0.00004024348493 -0.043504
13.99441 1195898 -0.00002986281449 -0.032657
14.01749 1223824 -0.00002681653884 -0.029666
14.04057 1252403 0.00001060664974 0.011870
14.06366 1281649 0.00001639391351 0.018560
14.08674 1311579 -0.00002303892023 -0.026385
14.10983 1342207 -0.0001426319329 -0.165244
14.13291 1373550 -0.0001967038082 -0.230534
14.15599 1405625 -0.0002011048961 -0.238428
14.17908 1438449 -0.0001428776723 -0.171361
14.20216 1472040 -0.00009683428007 -0.117487
14.22524 1506415 -0.00001710951117 -0.021000
14.24833 1541593 -0.000008382303853 -0.010408
14.27141 1577593 0.00004958250094 0.062277
14.29449 1614433 0.00008233879825 0.104620
14.31758 1652133 0.00008916229532 0.114605
14.34066 1690714 0.0001155863195 0.150294
14.36374 1730195 0.00008761765057 0.115250
14.38683 1770599 0.00002507728103 0.033369
14.40991 1811946 -0.00006833752698 -0.091988
14.43300 1854259 -0.0001042061553 -0.141899
14.45608 1897559 -0.0001137509947 -0.156694
14.47916 1941871 -0.0001653104526 -0.230362
14.50225 1987218 -0.0002053422418 -0.289468
14.52533 2033624 -0.0001854258123 -0.264427
14.54841 2081113 -0.0001414037719 -0.203990
14.57150 2129711 -0.00009879876583 -0.144182
14.59458 2179444 -0.00004016889483 -0.059301
14.61766 2230339 0.00003762325747 0.056188
14.64075 2282422 0.00004367496013 0.065983
14.66383 2335721 0.000008320155393 0.012716
14.68691 2390265 -0.00004052553495 -0.062654
14.71000 2446082 -0.0001097900699 -0.171711
14.73308 2503203 -0.0001567317625 -0.247973
14.75617 2561658 -0.0001191849057 -0.190758
14.77925 2621478 -0.00004588833345 -0.074298
14.80233 2682695 0.000001367034250 0.002239
14.82542 2745342 0.00003566537997 0.059094
14.84850 2809451 0.00006243982470 0.104658
14.87158 2875058 0.00008530548831 0.144644
14.89467 2942196 0.0001124837690 0.192942
14.91775 3010902 0.0001471517897 0.255337
14.94083 3081213 0.0001724359157 0.302683
14.96392 3153166 0.0002013021360 0.357455
14.98700 3226799 0.0001661632872 0.298484
15.01008 3302151 0.00009980533362 0.181364
15.03317 3379263 0.00006101021397 0.112154
15.05625 3458176 0.00004249540581 0.079025
15.07934 3538931 0.00003880102028 0.072993
15.10242 3621572 0.00004586406305 0.087281
15.12550 3706144 0.00007204662065 0.138699
15.14859 3792690 0.00009073632353 0.176707
15.17167 3881257 0.00007071175357 0.139309
15.19475 3971892 0.00005065296645 0.100949
15.21784 4064644 0.00004461371896 0.089946
15.24092 4159562 0.00001449787862 0.029568
15.26400 4256696 -0.00001653334771 -0.034111
15.28709 4356099 -8.474805571e-7 -0.001769
15.31017 4457822 -0.00002444458509 -0.051611
15.33325 4561922 -0.00006312699316 -0.134831
15.35634 4668452 -0.00008370479504 -0.180858
15.37942 4777470 -0.00009628784982 -0.210460
15.40251 4889034 -0.00007651518375 -0.169184
15.42559 5003202 -0.00002201125874 -0.049234
15.44867 5120037 -0.00004272040224 -0.096666
15.47176 5239601 -0.00005327211296 -0.121941
15.49484 5361956 -0.00006123171399 -0.141788
15.51792 5487169 -0.00006300312892 -0.147583
15.54101 5615306 -0.00005250044348 -0.124408
15.56409 5746434 -0.00007166451252 -0.171792
15.58717 5880625 -0.00008912950886 -0.216139
15.61026 6017950 -0.00008678798006 -0.212904
15.63334 6158482 -0.00006899327179 -0.171216
15.65642 6302295 -0.00004550009412 -0.114225
15.67951 6449466 -0.00001111992006 -0.028240
15.70259 6600075 -0.000003246770235 -0.008341
15.72568 6754200 -0.000005611677765 -0.014584
15.74876 6911924 0.000008071894521 0.021221
15.77184 7073332 0.000007001935731 0.018622
15.79493 7238509 -0.000003441876727 -0.009260
15.81801 7407543 -0.00002472662387 -0.067298
15.84109 7580524 -0.000004861266078 -0.013384
15.86418 7757545 0.00001917828822 0.053416
15.88726 7938699 0.00002894799914 0.081563
15.91034 8124084 0.00002520180955 0.071832
15.93343 8313798 0.00002800521227 0.080749
15.95651 8507942 0.00004142696400 0.120836
15.97959 8706620 0.00004671893573 0.137853
16.00268 8909938 0.00006339402322 0.189228
16.02576 9118003 0.00007395303197 0.223309
16.04884 9330927 0.00009737972981 0.297462
16.07193 9548823 0.00008100145813 0.250304
16.09501 9771808 0.00008159011502 0.255050
16.11810 10000000 0.00007459652298 0.235895
