logY Y Sw sqrtY_times_Sw
6.90675 999 0.005264279573 0.166388
6.93049 1023 0.002396403723 0.076647
6.95368 1047 0.0001523847824 0.004931
6.97635 1071 0.001073662408 0.035137
6.99942 1096 0.0008057012500 0.026673
7.02287 1122 0.0001997336970 0.006690
7.04578 1148 -0.001311908316 -0.044450
7.06902 1175 -0.004006938490 -0.137351
7.09174 1202 -0.003703451148 -0.128398
7.11477 1230 -0.002989631080 -0.104850
7.13807 1259 -0.002359562322 -0.083723
7.16162 1289 -0.001174841593 -0.042180
7.18463 1319 0.0006341733805 0.023032
7.20712 1349 0.0001618231300 0.005944
7.23056 1381 -0.001567597707 -0.058255
7.25347 1413 -0.002925307955 -0.109962
7.27656 1446 -0.002487623401 -0.094595
7.29980 1480 -0.001554367484 -0.059798
7.32317 1515 -0.001151396211 -0.044816
7.34601 1550 -0.001869860069 -0.073616
7.36897 1586 -0.002344607093 -0.093373
7.39203 1623 -0.003552292404 -0.143109
7.41518 1661 -0.002722822601 -0.110970
7.43838 1700 -0.0002483588822 -0.010240
7.46164 1740 0.001214740644 0.050671
7.48437 1780 0.002390902591 0.100872
7.50769 1822 0.002193570990 0.093632
7.53048 1864 -0.001373484313 -0.059299
7.55381 1908 -0.001704771739 -0.074466
7.57712 1953 -0.0008014276877 -0.035417
7.59990 1998 0.0003736402122 0.016701
7.62315 2045 0.0005179027362 0.023420
7.64635 2093 -0.001052214646 -0.048138
7.66950 2142 -0.002403075681 -0.111219
7.69257 2192 -0.003589579097 -0.168060
7.71557 2243 -0.003958757797 -0.187488
7.73849 2295 -0.005497022773 -0.263341
7.76174 2349 -0.005270426098 -0.255439
7.78489 2404 -0.003201276690 -0.156961
7.80792 2460 -0.002191366696 -0.108688
7.83082 2517 -0.003520483559 -0.176622
7.85399 2576 -0.004214301826 -0.213894
7.87702 2636 -0.002808450920 -0.144191
7.90027 2698 0.0003552542778 0.018453
7.92335 2761 0.002387918756 0.125474
7.94626 2825 0.002740904425 0.145681
7.96936 2891 0.003461669464 0.186127
7.99261 2959 0.003738436942 0.203359
8.01566 3028 0.001697460190 0.093407
8.03883 3099 -0.0002606993046 -0.014513
8.06180 3171 0.0006832251711 0.038474
8.08487 3245 0.002149695383 0.122457
8.10802 3321 0.003033419764 0.174810
8.13094 3398 0.004121296805 0.240240
8.15421 3478 0.005005364362 0.295189
8.17723 3559 0.006876261515 0.410220
8.20029 3642 0.007211650106 0.435216
8.22336 3727 0.007166421196 0.437504
8.24643 3814 0.006430736481 0.397147
8.26950 3903 0.006449292920 0.402913
8.29255 3994 0.005854577994 0.369998
8.31581 4088 0.005223937060 0.334005
8.33878 4183 0.003390267061 0.219269
8.36194 4281 0.001795077298 0.117451
8.38503 4381 0.0009348943042 0.061880
8.40805 4483 0.0005924280705 0.039666
8.43120 4588 -0.0005011329516 -0.033944
8.45425 4695 -0.0009032564245 -0.061891
8.47741 4805 -0.001414528944 -0.098052
8.50045 4917 -0.001412673973 -0.099059
8.52357 5032 0.00008750930151 0.006208
8.54656 5149 0.001798608993 0.129062
8.56960 5269 0.002790944911 0.202589
8.59267 5392 0.002285577617 0.167831
8.61577 5518 0.0001647216881 0.012236
8.63888 5647 -0.001981563406 -0.148908
8.66199 5779 -0.003788595412 -0.288008
8.68508 5914 -0.003684171909 -0.283322
8.70814 6052 -0.003179974750 -0.247385
8.73134 6194 -0.002448134304 -0.192673
8.75432 6338 -0.001660253092 -0.132175
8.77740 6486 -0.0002086959229 -0.016807
8.80057 6638 0.001024267627 0.083451
8.82365 6793 0.001437633390 0.118489
8.84664 6951 0.001527780402 0.127375
8.86982 7114 0.001278814890 0.107861
8.89289 7280 0.0008266117315 0.070529
8.91597 7450 0.0005530262000 0.047734
8.93906 7624 0.0008002999467 0.069879
8.96214 7802 0.0003461143651 0.030572
8.98519 7984 -0.0006212295338 -0.055509
9.00835 8171 -0.001949230271 -0.176198
9.03133 8361 -0.003121011973 -0.285381
9.05450 8557 -0.003069675119 -0.283957
9.07761 8757 -0.003047752704 -0.285205
9.10064 8961 -0.002499456318 -0.236605
9.12369 9170 -0.0006865137931 -0.065741
9.14676 9384 0.001293606824 0.125313
9.16993 9604 0.001702469387 0.166842
9.19299 9828 0.001326717501 0.131526
9.21602 10057 0.0009423941782 0.094508
9.23912 10292 0.0001146616648 0.011632
9.26227 10533 -0.0005242848836 -0.053808
9.28536 10779 -0.001264652587 -0.131299
9.30837 11030 -0.0007733539630 -0.081221
9.33150 11288 -0.0008826126875 -0.093773
9.35453 11551 -0.0005592950237 -0.060111
9.37763 11821 0.0001489672769 0.016196
9.40071 12097 0.0003899544445 0.042890
9.42384 12380 0.0002734593081 0.030427
9.44691 12669 0.0004008512022 0.045118
9.47001 12965 0.0001021674007 0.011633
9.49311 13268 -0.0002537194007 -0.029225
9.51613 13577 -0.001102239450 -0.128433
9.53921 13894 -0.001689695805 -0.199169
9.56233 14219 -0.002158856070 -0.257429
9.58541 14551 -0.002418278358 -0.291711
9.60851 14891 -0.002430576998 -0.296600
9.63161 15239 -0.002379887458 -0.293788
9.65464 15594 -0.002798657247 -0.349485
9.67778 15959 -0.002633701055 -0.332713
9.70082 16331 -0.002494050148 -0.318722
9.72394 16713 -0.001652034995 -0.213573
9.74701 17103 -0.0007337491329 -0.095959
9.77007 17502 -0.0006050345856 -0.080043
9.79317 17911 -0.0006152400470 -0.082339
9.81624 18329 -0.0005013925058 -0.067881
9.83932 18757 -0.0004292363778 -0.058787
9.86241 19195 0.0002152333170 0.029820
9.88553 19644 0.0008788649443 0.123179
9.90857 20102 0.001244148577 0.176397
9.93169 20572 0.001017840295 0.145988
9.95475 21052 0.001005395370 0.145876
9.97785 21544 0.001026708330 0.150699
10.00093 22047 0.0008752857698 0.129964
10.02402 22562 0.0001039165411 0.015609
10.04711 23089 -0.0005555981787 -0.084424
10.07019 23628 -0.00008711986438 -0.013392
10.09328 24180 0.0003578496578 0.055645
10.11634 24744 0.0004499052429 0.070771
10.13943 25322 0.0004249097682 0.067615
10.16250 25913 0.0001196426035 0.019259
10.18562 26519 0.0006253716080 0.101840
10.20869 27138 0.001059588729 0.174553
10.23178 27772 0.0007116210378 0.118591
10.25485 28420 0.0003702661407 0.062420
10.27794 29084 -0.00003532382931 -0.006024
10.30102 29763 -0.0004101677220 -0.070762
10.32410 30458 -0.0006110546736 -0.106643
10.34718 31169 -0.0002723873676 -0.048089
10.37027 31897 -0.0003435810380 -0.061363
10.39336 32642 0.00004022729822 0.007268
10.41643 33404 0.0003322362817 0.060722
10.43951 34184 0.0005163886876 0.095475
10.46262 34983 0.0008909568224 0.166642
10.48570 35800 0.001271029331 0.240490
10.50879 36636 0.001164032189 0.222802
10.53186 37491 0.0007886092218 0.152695
10.55495 38367 0.0005963900518 0.116818
10.57804 39263 0.0001395902517 0.027660
10.60112 40180 0.0003278406879 0.065716
10.62420 41118 0.0005033907253 0.102075
10.64728 42078 0.0003337573814 0.068463
10.67037 43061 0.0004742249826 0.098407
10.69344 44066 0.0005411379054 0.113595
10.71653 45095 0.0004324207070 0.091827
10.73961 46148 0.0004528690273 0.097286
10.76270 47226 0.0006740470340 0.146481
10.78579 48329 0.001021361384 0.224535
10.80886 49457 0.001118021213 0.248636
10.83194 50612 0.001386204368 0.311856
10.85503 51794 0.001399010388 0.318391
10.87812 53004 0.001356487979 0.312299
10.90121 54242 0.001056150718 0.245977
10.92428 55508 0.0005344638742 0.125920
10.94736 56804 0.0006524741681 0.155508
10.97045 58131 0.0008527668702 0.205605
10.99353 59488 0.0006933850285 0.169118
11.01663 60878 0.0007687208352 0.189670
11.03970 62299 0.0006029511019 0.150495
11.06279 63754 0.00007024037195 0.017735
11.08587 65243 -0.0004519079506 -0.115430
11.10895 66766 -0.0007865200319 -0.203230
11.13205 68326 -0.0009823412846 -0.256777
11.15512 69921 -0.001086773719 -0.287371
11.17821 71554 -0.001361733489 -0.364258
11.20129 73225 -0.001234295760 -0.334002
11.22438 74935 -0.0008445108878 -0.231179
11.24746 76685 -0.0004183398979 -0.115847
11.27054 78475 -0.0002538383301 -0.071109
11.29362 80308 -0.0005098694324 -0.144490
11.31670 82183 -0.0005562381555 -0.159460
11.33980 84103 -0.0004124301040 -0.119607
11.36288 86067 -0.0001704989954 -0.050020
11.38596 88076 0.00003865262191 0.011471
11.40904 90133 0.00005126217869 0.015390
11.43213 92238 -0.00003329686152 -0.010112
11.45521 94392 0.0002083763284 0.064020
11.47829 96596 0.0004507298968 0.140086
11.50138 98852 0.0005834631873 0.183445
11.52446 101160 0.0004211077337 0.133936
11.54755 103523 0.0001650001149 0.053089
11.57063 105940 0.00007736817853 0.025182
11.59371 108414 -0.00005276424009 -0.017373
11.61680 110946 -0.0003537432775 -0.117827
11.63988 113537 -0.0005006559043 -0.168697
11.66296 116188 -0.0005027606133 -0.171373
11.68605 118901 -0.0007081704425 -0.244192
11.70913 121678 -0.0007559618443 -0.263697
11.73221 124519 -0.0009201053128 -0.324680
11.75530 127427 -0.0009325595723 -0.332895
11.77838 130403 -0.001071829321 -0.387052
11.80147 133448 -0.001205975820 -0.440549
11.82455 136564 -0.001020218065 -0.377017
11.84763 139753 -0.0008806692931 -0.329225
11.87072 143017 -0.0005440535687 -0.205748
11.89380 146357 -0.0004572097020 -0.174913
11.91688 149774 -0.0001969387234 -0.076217
11.93997 153272 -0.000008684915392 -0.003400
11.96305 156851 -0.0001808469913 -0.071623
11.98614 160514 -0.0001677819184 -0.067220
12.00922 164262 -0.00009083508212 -0.036815
12.03230 168098 0.00006622408379 0.027152
12.05538 172023 0.0004012129649 0.166406
12.07847 176041 0.0006765972934 0.283882
12.10156 180152 0.0008082491370 0.343056
12.12463 184358 0.0009086344354 0.390140
12.14772 188664 0.0008426380626 0.366004
12.17080 193069 0.0007619351610 0.334791
12.19389 197578 0.0007299318383 0.324453
12.21697 202192 0.0007019684235 0.315645
12.24005 206913 0.0004164173149 0.189419
12.26314 211745 0.0001038553094 0.047790
12.28622 216690 -0.00001086414704 -0.005057
12.30931 221750 -0.0002436529799 -0.114737
12.33239 226928 -0.0003751262661 -0.178699
12.35547 232228 -0.0004145652096 -0.199779
12.37856 237651 -0.0003853980951 -0.187879
12.40164 243200 -0.0003607664036 -0.177913
12.42472 248879 -0.0001893834512 -0.094479
12.44781 254691 -0.0001130881357 -0.057072
12.47089 260639 -0.0002010305060 -0.102632
12.49397 266725 -0.0002083755332 -0.107616
12.51706 272954 -0.0001788691468 -0.093450
12.54014 279328 -0.0002404231417 -0.127067
12.56323 285851 -0.0002223859896 -0.118899
12.58631 292526 -0.0002628682077 -0.142174
12.60939 299357 -0.0002359120662 -0.129076
12.63248 306348 -0.0003680047325 -0.203686
12.65556 313502 -0.0004078922078 -0.228384
12.67864 320823 -0.0002916618755 -0.165201
12.70173 328315 -0.0002941860381 -0.168565
12.72481 335981 -0.0002261915684 -0.131109
12.74789 343827 -0.0001271997602 -0.074586
12.77098 351856 0.0001332242285 0.079025
12.79406 360073 0.0002845001912 0.170717
12.81714 368481 0.0003096348336 0.187957
12.84023 377086 0.0002709228750 0.166366
12.86331 385892 0.00009818992099 0.060996
12.88640 394903 0.00002880023485 0.018098
12.90948 404125 -0.00007307374595 -0.046454
12.93256 413562 -0.00007874082295 -0.050637
12.95565 423220 0.00002773573522 0.018044
12.97873 433103 0.0001542545573 0.101516
13.00181 443217 0.0003281997185 0.218497
13.02490 453567 0.0004187865807 0.282042
13.04798 464158 0.0005636607589 0.384017
13.07106 474997 0.0007567076952 0.521523
13.09415 486090 0.0007560215452 0.527099
13.11723 497441 0.0005413932579 0.381842
13.14032 509057 0.0003448041701 0.246012
13.16340 520945 0.0003866530152 0.279073
13.18648 533110 0.0005432067279 0.396619
13.20957 545559 0.0006717955981 0.496201
13.23265 558299 0.0007543927152 0.563678
13.25573 571336 0.0005983675520 0.452287
13.27882 584678 0.0004274081516 0.326814
13.30190 598332 0.0003580583684 0.276965
13.32498 612304 0.0003411051815 0.266914
13.34807 626603 0.0002368088021 0.187454
13.37115 641235 0.0001628120623 0.130375
13.39423 656209 0.000007973837693 0.006459
13.41732 671533 -0.00009615930175 -0.078800
13.44040 687215 -0.0001061140496 -0.087967
13.46349 703263 -0.0001150333483 -0.096468
13.48657 719685 -0.0002024184783 -0.171720
13.50965 736491 -0.0003396999924 -0.291527
13.53274 753690 -0.0004301120986 -0.373403
13.55582 771290 -0.0004052212444 -0.355878
13.57890 789301 -0.0003691277498 -0.327943
13.60199 807733 -0.0004227393934 -0.379933
13.62507 826595 -0.0004370658596 -0.397368
13.64815 845898 -0.0003127432121 -0.287638
13.67124 865652 -0.0001744999441 -0.162355
13.69432 885866 -0.0001022772124 -0.096264
13.71740 906553 -0.0001937217659 -0.184448
13.74049 927723 -0.0003322316043 -0.320000
13.76357 949387 -0.0003351255321 -0.326535
13.78666 971557 -0.0002965512266 -0.292303
13.80974 994245 -0.0001630747081 -0.162605
13.83282 1017463 -0.00004114654597 -0.041504
13.85591 1041223 0.00005578501385 0.056923
13.87899 1065537 0.0001386310680 0.143102
13.90207 1090420 0.0001454149933 0.151847
13.92516 1115883 0.0001622292798 0.171371
13.94824 1141942 0.0001288309062 0.137671
13.97132 1168608 0.00005892072680 0.063695
13.99441 1195898 0.00002670836982 0.029208
14.01749 1223824 -0.00003518994494 -0.038929
14.04057 1252403 -0.00004610635098 -0.051598
14.06366 1281649 -0.00005238132220 -0.059301
14.08674 1311579 -0.00009523498926 -0.109067
14.10983 1342207 -0.0001433960910 -0.166130
14.13291 1373550 -0.0002061975267 -0.241661
14.15599 1405625 -0.0002488078954 -0.294984
14.17908 1438449 -0.0002191276219 -0.262811
14.20216 1472040 -0.0002380261812 -0.288792
14.22524 1506415 -0.0002013017726 -0.247070
14.24833 1541593 -0.00008643026823 -0.107313
14.27141 1577593 0.00001475291294 0.018530
14.29449 1614433 0.00007736357471 0.098298
14.31758 1652133 0.00006211795820 0.079844
14.34066 1690714 -0.00001730838690 -0.022506
14.36374 1730195 -0.00005243957138 -0.068977
14.38683 1770599 -0.00005981296505 -0.079589
14.40991 1811946 -0.00002270988619 -0.030569
14.43300 1854259 -0.00001814648165 -0.024710
14.45608 1897559 0.00004637479479 0.063882
14.47916 1941871 0.0001238494530 0.172585
14.50225 1987218 0.0002031596083 0.286391
14.52533 2033624 0.0002403238150 0.342714
14.54841 2081113 0.0002509665039 0.362046
14.57150 2129711 0.0002379925231 0.347315
14.59458 2179444 0.0001895696258 0.279861
14.61766 2230339 0.0001374093106 0.205211
14.64075 2282422 0.0001108521228 0.167472
14.66383 2335721 0.00009550766064 0.145965
14.68691 2390265 0.00008380151298 0.129561
14.71000 2446082 0.00002964229598 0.046360
14.73308 2503203 -0.00002126433830 -0.033643
14.75617 2561658 -0.00007412665718 -0.118641
14.77925 2621478 -0.0001068467308 -0.172995
14.80233 2682695 -0.0001386876724 -0.227156
14.82542 2745342 -0.0001553549777 -0.257409
14.84850 2809451 -0.0001228556242 -0.205923
14.87158 2875058 -0.0001292794236 -0.219206
14.89467 2942196 -0.0001660297640 -0.284788
14.91775 3010902 -0.0001562081828 -0.271052
14.94083 3081213 -0.0001636716072 -0.287299
14.96392 3153166 -0.0001776934681 -0.315533
14.98700 3226799 -0.0001724350491 -0.309750
15.01008 3302151 -0.0001457008207 -0.264765
15.03317 3379263 -0.0001281414649 -0.235560
15.05625 3458176 -0.0001591122433 -0.295888
15.07934 3538931 -0.0001553012972 -0.292154
15.10242 3621572 -0.00006698862183 -0.127482
15.12550 3706144 0.00004358549582 0.083908
15.14859 3792690 0.00008431375921 0.164200
15.17167 3881257 0.00008919502253 0.175722
15.19475 3971892 0.00008922419629 0.177820
15.21784 4064644 0.0001193399602 0.240601
15.24092 4159562 0.0001520239196 0.310053
15.26400 4256696 0.0001540543219 0.317841
15.28709 4356099 0.0001542887886 0.322020
15.31017 4457822 0.0001642394237 0.346768
15.33325 4561922 0.0001920657168 0.410227
15.35634 4668452 0.0002115249951 0.457034
15.37942 4777470 0.0002115311481 0.462353
15.40251 4889034 0.0002048554901 0.452959
15.42559 5003202 0.0001927852550 0.431219
15.44867 5120037 0.0001906060969 0.431294
15.47176 5239601 0.0001881509458 0.430681
15.49484 5361956 0.0001900032013 0.439969
15.51792 5487169 0.0001925980550 0.451155
15.54101 5615306 0.0001950635972 0.462235
15.56409 5746434 0.0001555833229 0.372960
15.58717 5880625 0.0001181007584 0.286394
15.61026 6017950 0.00009746532534 0.239097
15.63334 6158482 0.00008621996655 0.213966
15.65642 6302295 0.00003826796260 0.096069
15.67951 6449466 0.00001144643147 0.029069
15.70259 6600075 0.00003072920090 0.078945
15.72568 6754200 0.00005112844688 0.132877
15.74876 6911924 0.00002910736116 0.076525
15.77184 7073332 -0.000004217355259 -0.011216
15.79493 7238509 -0.00003288654393 -0.088480
15.81801 7407543 -0.00007828057617 -0.213055
15.84109 7580524 -0.00006221143223 -0.171285
15.86418 7757545 -0.00004529582499 -0.126160
15.88726 7938699 -0.00003854367809 -0.108599
15.91034 8124084 -0.00004116971311 -0.117345
15.93343 8313798 -0.00004231727308 -0.122016
15.95651 8507942 -0.00004527958258 -0.132073
15.97959 8706620 -0.00005121110800 -0.151109
16.00268 8909938 -0.00004032723504 -0.120375
16.02576 9118003 -0.00002399563686 -0.072457
16.04884 9330927 -0.000001838767966 -0.005617
16.07193 9548823 0.00003273148871 0.101144
16.09501 9771808 0.00004850121443 0.151614
16.11810 10000000 0.00007683474632 0.242973
