logY Y Sw sqrtY_times_Sw
6.90675 999 0.001995818617 0.063082
6.93049 1023 0.002770661823 0.088618
6.95368 1047 0.0002333337618 0.007550
6.97635 1071 -0.0003049615176 -0.009980
6.99942 1096 0.0006040539825 0.019998
7.02287 1122 0.00005371086444 0.001799
7.04578 1148 -0.0002601210867 -0.008813
7.06902 1175 0.002596455443 0.089002
7.09174 1202 0.004040409461 0.140080
7.11477 1230 0.004648118371 0.163016
7.13807 1259 0.003788118838 0.134412
7.16162 1289 0.0004990503027 0.017917
7.18463 1319 -0.003185650461 -0.115697
7.20712 1349 -0.006240229979 -0.229196
7.23056 1381 -0.006341509507 -0.235662
7.25347 1413 -0.006796576159 -0.255483
7.27656 1446 -0.004596029811 -0.174770
7.29980 1480 -0.001617942363 -0.062243
7.32317 1515 0.0009023091915 0.035121
7.34601 1550 -0.0008385172926 -0.033012
7.36897 1586 -0.001637450472 -0.065211
7.39203 1623 0.0001119388576 0.004510
7.41518 1661 0.0008635290623 0.035193
7.43838 1700 0.0006420559132 0.026473
7.46164 1740 0.001231557380 0.051372
7.48437 1780 0.002757844523 0.116354
7.50769 1822 0.004338756714 0.185199
7.53048 1864 0.004384588704 0.189301
7.55381 1908 0.002045961192 0.089369
7.57712 1953 -0.0003285490561 -0.014519
7.59990 1998 -0.0001027444188 -0.004593
7.62315 2045 0.0001132231421 0.005120
7.64635 2093 0.0009795298444 0.044813
7.66950 2142 0.003417801806 0.158182
7.69257 2192 0.004167275651 0.195107
7.71557 2243 0.003999853858 0.189434
7.73849 2295 0.003226126886 0.154551
7.76174 2349 0.001442640169 0.069920
7.78489 2404 -0.0004782989867 -0.023451
7.80792 2460 -0.001492642554 -0.074033
7.83082 2517 -0.0008887172510 -0.044587
7.85399 2576 -0.00004060936743 -0.002061
7.87702 2636 0.0006701239734 0.034405
7.90027 2698 0.0003353824415 0.017421
7.92335 2761 0.00003249770107 0.001708
7.94626 2825 -0.0008162169613 -0.043383
7.96936 2891 -0.002505885041 -0.134736
7.99261 2959 -0.002633389395 -0.143248
8.01566 3028 -0.001460405789 -0.080362
8.03883 3099 0.0003445361601 0.019180
8.06180 3171 0.001681677226 0.094698
8.08487 3245 0.0007561367213 0.043073
8.10802 3321 0.00008586293329 0.004948
8.13094 3398 -0.0004740838143 -0.027635
8.15421 3478 -0.001230472309 -0.072567
8.17723 3559 -0.001727252654 -0.103043
8.20029 3642 -0.0007702648338 -0.046485
8.22336 3727 -0.0001899377326 -0.011596
8.24643 3814 0.0003519658557 0.021737
8.26950 3903 0.0009557964669 0.059712
8.29255 3994 0.002023990948 0.127912
8.31581 4088 0.001614416420 0.103222
8.33878 4183 0.001221757874 0.079019
8.36194 4281 0.0009982444980 0.065314
8.38503 4381 0.0009801140596 0.064873
8.40805 4483 0.0007557097448 0.050599
8.43120 4588 0.001256967605 0.085140
8.45425 4695 0.002147270049 0.147131
8.47741 4805 0.002984707123 0.206894
8.50045 4917 0.003335945648 0.233921
8.52357 5032 0.002426018355 0.172093
8.54656 5149 0.0008973889756 0.064394
8.56960 5269 -0.0007653338974 -0.055554
8.59267 5392 -0.001861621473 -0.136699
8.61577 5518 -0.001880047829 -0.139656
8.63888 5647 -0.001105600278 -0.083082
8.66199 5779 -0.0007064027350 -0.053701
8.68508 5914 -0.0002489807447 -0.019147
8.70814 6052 -0.0005115719488 -0.039798
8.73134 6194 -0.001011623908 -0.079617
8.75432 6338 -0.001062012483 -0.084548
8.77740 6486 -0.0005447577834 -0.043872
8.80057 6638 -0.0006882209907 -0.056072
8.82365 6793 -0.0008168620549 -0.067325
8.84664 6951 -0.001131973211 -0.094376
8.86982 7114 -0.001574065686 -0.132764
8.89289 7280 -0.0006982569828 -0.059577
8.91597 7450 -0.00003387373385 -0.002924
8.93906 7624 -0.0005664547541 -0.049460
8.96214 7802 -0.0005719856553 -0.050523
8.98519 7984 -0.0005386766392 -0.048132
9.00835 8171 -0.0001310338325 -0.011845
9.03133 8361 0.0002679128938 0.024498
9.05450 8557 0.001512059297 0.139872
9.07761 8757 0.002549589531 0.238588
9.10064 8961 0.002362015038 0.223594
9.12369 9170 0.001388866868 0.132998
9.14676 9384 0.0002367462998 0.022934
9.16993 9604 -0.0004494332973 -0.044044
9.19299 9828 -0.00001339742247 -0.001328
9.21602 10057 0.0004606775702 0.046199
9.23912 10292 0.0009510762595 0.096486
9.26227 10533 0.001363374104 0.139924
9.28536 10779 0.001276419638 0.132520
9.30837 11030 0.0006325612072 0.066434
9.33150 11288 -0.0005583383190 -0.059321
9.35453 11551 -0.0007564057621 -0.081295
9.37763 11821 -0.0002739909111 -0.029790
9.40071 12097 -0.0006079569426 -0.066867
9.42384 12380 -0.001326533902 -0.147597
9.44691 12669 -0.001780944338 -0.200457
9.47001 12965 -0.001967002643 -0.223971
9.49311 13268 -0.001745118856 -0.201015
9.51613 13577 -0.001172384354 -0.136607
9.53921 13894 -0.001189106270 -0.140163
9.56233 14219 -0.001216893567 -0.145107
9.58541 14551 -0.0007283155571 -0.087855
9.60851 14891 -0.0004349812043 -0.053080
9.63161 15239 0.0003565240754 0.044012
9.65464 15594 0.0006837087343 0.085379
9.67778 15959 0.001142309517 0.144307
9.70082 16331 0.001149905463 0.146950
9.72394 16713 0.0008150124861 0.105364
9.74701 17103 0.00006856117864 0.008966
9.77007 17502 -0.0006325102210 -0.083678
9.79317 17911 -0.0003701008807 -0.049531
9.81624 18329 0.0004501645010 0.060945
9.83932 18757 0.001136030449 0.155586
9.86241 19195 0.0007840080959 0.108621
9.88553 19644 0.0005817118850 0.081531
9.90857 20102 0.0006127499524 0.086877
9.93169 20572 0.0006889962889 0.098822
9.95475 21052 0.001191972562 0.172947
9.97785 21544 0.001054369937 0.154759
10.00093 22047 0.0005442680044 0.080814
10.02402 22562 0.00005384409038 0.008088
10.04711 23089 0.0001511591363 0.022969
10.07019 23628 0.0001260817530 0.019381
10.09328 24180 -0.0003262580851 -0.050733
10.11634 24744 -0.00005546934260 -0.008725
10.13943 25322 -0.0002501469719 -0.039806
10.16250 25913 -0.0003800137131 -0.061173
10.18562 26519 -0.0001452765953 -0.023658
10.20869 27138 0.00006018194054 0.009914
10.23178 27772 0.0001876602087 0.031273
10.25485 28420 0.0003884371338 0.065484
10.27794 29084 0.0004174164856 0.071186
10.30102 29763 -0.00005464865014 -0.009428
10.32410 30458 -0.0001986516800 -0.034669
10.34718 31169 -0.0004716473612 -0.083268
10.37027 31897 -0.0008377031561 -0.149612
10.39336 32642 -0.0006366641031 -0.115027
10.41643 33404 -0.0004068804902 -0.074365
10.43951 34184 -0.0003417885046 -0.063193
10.46262 34983 -0.0006546481206 -0.122444
10.48570 35800 -0.0004447959661 -0.084159
10.50879 36636 -0.0002387735372 -0.045703
10.53186 37491 0.0001581312369 0.030618
10.55495 38367 0.0005937555842 0.116302
10.57804 39263 0.0008216552066 0.162810
10.60112 40180 0.0007737388041 0.155096
10.62420 41118 0.0008190444362 0.166082
10.64728 42078 0.0006065548226 0.124422
10.67037 43061 0.0005212703767 0.108170
10.69344 44066 0.0005882220099 0.123479
10.71653 45095 0.0002586864977 0.054934
10.73961 46148 0.000008648435261 0.001858
10.76270 47226 0.00007299595531 0.015863
10.78579 48329 0.0003447059436 0.075780
10.80886 49457 0.0002475903843 0.055061
10.83194 50612 0.00009414881784 0.021181
10.85503 51794 0.00006989997554 0.015908
10.87812 53004 -0.00004095847327 -0.009430
10.90121 54242 -0.0004094538370 -0.095361
10.92428 55508 -0.0006141453797 -0.144693
10.94736 56804 -0.0005502947501 -0.131155
10.97045 58131 -0.0006085188763 -0.146716
10.99353 59488 -0.0006575368795 -0.160374
11.01663 60878 -0.0006329186707 -0.156163
11.03970 62299 -0.0003166293604 -0.079030
11.06279 63754 0.00005311926301 0.013412
11.08587 65243 0.0001758415241 0.044915
11.10895 66766 0.00008641519402 0.022329
11.13205 68326 0.0002065981480 0.054003
11.15512 69921 0.0003330023621 0.088054
11.17821 71554 0.0002382549216 0.063732
11.20129 73225 -0.00002351004217 -0.006362
11.22438 74935 -0.000008414633936 -0.002303
11.24746 76685 0.00001595382575 0.004418
11.27054 78475 0.0002224304572 0.062310
11.29362 80308 0.0003557834808 0.100824
11.31670 82183 0.0002546739635 0.073009
11.33980 84103 0.0001559667337 0.045231
11.36288 86067 0.0001608513243 0.047189
11.38596 88076 0.0003519067545 0.104437
11.40904 90133 0.0003088012131 0.092709
11.43213 92238 0.0002017120209 0.061261
11.45521 94392 0.0001031419704 0.031689
11.47829 96596 -0.000004738940722 -0.001473
11.50138 98852 -0.0001736336423 -0.054592
11.52446 101160 -0.0003712773303 -0.118087
11.54755 103523 -0.0004718619872 -0.151822
11.57063 105940 -0.0005510798996 -0.179368
11.59371 108414 -0.0003911356660 -0.128786
11.61680 110946 -0.0003614800334 -0.120404
11.63988 113537 -0.0004157836745 -0.140099
11.66296 116188 -0.0002335308233 -0.079602
11.68605 118901 -0.000004123581391 -0.001422
11.70913 121678 0.00002621294138 0.009144
11.73221 124519 -0.00002910867626 -0.010272
11.75530 127427 -0.0002381043251 -0.084996
11.77838 130403 -0.0002931529412 -0.105862
11.80147 133448 -0.0004272545615 -0.156078
11.82455 136564 -0.0004852336543 -0.179316
11.84763 139753 -0.0003803697202 -0.142196
11.87072 143017 -0.0001165655393 -0.044082
11.89380 146357 0.00008589572041 0.032861
11.91688 149774 0.0003145027095 0.121715
11.93997 153272 0.0002916636285 0.114186
11.96305 156851 0.0003043737995 0.120545
11.98614 160514 0.0003644349530 0.146008
12.00922 164262 0.0002695404085 0.109243
12.03230 168098 0.0003550755833 0.145580
12.05538 172023 0.0005694277553 0.236174
12.07847 176041 0.0004982736548 0.209062
12.10156 180152 0.0003967561651 0.168400
12.12463 184358 0.0003406602406 0.146269
12.14772 188664 0.0001140101890 0.049521
12.17080 193069 0.00003758089926 0.016513
12.19389 197578 -0.00001623453335 -0.007216
12.21697 202192 -0.00002551801352 -0.011474
12.24005 206913 -0.00006702961381 -0.030490
12.26314 211745 -0.00006210042844 -0.028576
12.28622 216690 0.00007307412703 0.034016
12.30931 221750 0.0001056118419 0.049733
12.33239 226928 0.00009524928193 0.045374
12.35547 232228 -0.00008984620478 -0.043297
12.37856 237651 -0.0002839213741 -0.138410
12.40164 243200 -0.0003453670998 -0.170319
12.42472 248879 -0.0004275444308 -0.213292
12.44781 254691 -0.0003836775170 -0.193630
12.47089 260639 -0.0002198544032 -0.112242
12.49397 266725 -0.0002071328815 -0.106975
12.51706 272954 -0.0001623442220 -0.084817
12.54014 279328 -0.0001013694635 -0.053575
12.56323 285851 -0.0001794234960 -0.095929
12.58631 292526 -0.0001479865168 -0.080040
12.60939 299357 0.00001823728816 0.009978
12.63248 306348 0.0001676436037 0.092789
12.65556 313502 0.0002420839757 0.135546
12.67864 320823 0.0002688199776 0.152263
12.70173 328315 0.0002991508597 0.171410
12.72481 335981 0.0002477606099 0.143612
12.74789 343827 0.0001819488768 0.106689
12.77098 351856 0.00009943015306 0.058979
12.79406 360073 0.0001266033407 0.075970
12.81714 368481 0.00001813954142 0.011011
12.84023 377086 0.00005840561026 0.035865
12.86331 385892 0.0001111388938 0.069040
12.88640 394903 0.0002791958315 0.175450
12.90948 404125 0.0003843985956 0.244365
12.93256 413562 0.0003423517342 0.220162
12.95565 423220 0.0002052106269 0.133501
12.97873 433103 0.00002728654572 0.017957
13.00181 443217 -0.0001399515887 -0.093172
13.02490 453567 -0.0002813179051 -0.189460
13.04798 464158 -0.0002611322731 -0.177907
13.07106 474997 -0.0001773257108 -0.122213
13.09415 486090 -0.00009270850259 -0.064637
13.11723 497441 -0.0001076137715 -0.075899
13.14032 509057 -0.0001956164348 -0.139569
13.16340 520945 -0.0002843268152 -0.205217
13.18648 533110 -0.0002926335073 -0.213665
13.20957 545559 -0.0001458288041 -0.107712
13.23265 558299 -0.00002115583884 -0.015808
13.25573 571336 0.00004322381246 0.032671
13.27882 584678 0.0001316743030 0.100684
13.30190 598332 0.00009353167003 0.072349
13.32498 612304 0.00007354389133 0.057548
13.34807 626603 0.00009044068419 0.071591
13.37115 641235 0.00004065528594 0.032556
13.39423 656209 -0.00004104623566 -0.033250
13.41732 671533 -0.00008254420921 -0.067643
13.44040 687215 0.00001975577724 0.016377
13.46349 703263 0.0001527847933 0.128127
13.48657 719685 0.0002599751501 0.220548
13.50965 736491 0.0002818638028 0.241893
13.53274 753690 0.0001779653982 0.154501
13.55582 771290 0.00006111390303 0.053672
13.57890 789301 0.00002235986108 0.019865
13.60199 807733 -0.00004081831771 -0.036685
13.62507 826595 -0.0001047734899 -0.095257
13.64815 845898 -0.00007762413758 -0.071393
13.67124 865652 -0.00002573842529 -0.023947
13.69432 885866 -0.000001375047245 -0.001294
13.71740 906553 -0.00004323863053 -0.041169
13.74049 927723 -0.0001435460418 -0.138261
13.76357 949387 -0.0002033289829 -0.198117
13.78666 971557 -0.0001803497767 -0.177766
13.80974 994245 -0.0001469748431 -0.146551
13.83282 1017463 -0.0001108743044 -0.111838
13.85591 1041223 -0.00007874015850 -0.080347
13.87899 1065537 -0.00001505842650 -0.015544
13.90207 1090420 0.00004478734362 0.046768
13.92516 1115883 0.00001604020323 0.016944
13.94824 1141942 -0.00002957405581 -0.031603
13.97132 1168608 -0.0001197112332 -0.129410
13.99441 1195898 -0.0001937547647 -0.211885
14.01749 1223824 -0.0001513322572 -0.167414
14.04057 1252403 -0.00002562612301 -0.028678
14.06366 1281649 0.00006370170595 0.072117
14.08674 1311579 0.00008957561347 0.102586
14.10983 1342207 0.00007859361639 0.091054
14.13291 1373550 0.00002463374989 0.028870
14.15599 1405625 0.00001421671736 0.016855
14.17908 1438449 0.00003100846922 0.037190
14.20216 1472040 0.00003265672425 0.039622
14.22524 1506415 0.00007814773659 0.095915
14.24833 1541593 0.0001794308275 0.222783
14.27141 1577593 0.0002139090450 0.268675
14.29449 1614433 0.0001683043538 0.213848
14.31758 1652133 0.0001487090404 0.191144
14.34066 1690714 0.0001086795382 0.141313
14.36374 1730195 0.00003029466382 0.039849
14.38683 1770599 -0.000006461194534 -0.008598
14.40991 1811946 -0.00006055546175 -0.081513
14.43300 1854259 -0.0001488660145 -0.202713
14.45608 1897559 -0.0001378022171 -0.189825
14.47916 1941871 -0.00007630707895 -0.106335
14.50225 1987218 -0.00001148427715 -0.016189
14.52533 2033624 -0.00003231719542 -0.046086
14.54841 2081113 -0.00007485789296 -0.107990
14.57150 2129711 -0.0001079327651 -0.157512
14.59458 2179444 -0.0001294801897 -0.191151
14.61766 2230339 -0.00006131448111 -0.091569
14.64075 2282422 -0.00002283982630 -0.034506
14.66383 2335721 0.000004401923001 0.006727
14.68691 2390265 0.00002120175398 0.032779
14.71000 2446082 -0.00001139321959 -0.017819
14.73308 2503203 -0.00008645340854 -0.136782
14.75617 2561658 -0.00006804980581 -0.108915
14.77925 2621478 0.000007791973662 0.012616
14.80233 2682695 0.00006722474996 0.110107
14.82542 2745342 0.0001029319236 0.170549
14.84850 2809451 0.0001227448428 0.205738
14.87158 2875058 0.0001332889946 0.226005
14.89467 2942196 0.0001052034705 0.180454
14.91775 3010902 0.0001100260410 0.190917
14.94083 3081213 0.0001036418599 0.181927
14.96392 3153166 0.00006951143159 0.123433
14.98700 3226799 0.00003644615918 0.065469
15.01008 3302151 -0.000004279177235 -0.007776
15.03317 3379263 -0.00005523144307 -0.101531
15.05625 3458176 -0.00008053384322 -0.149762
15.07934 3538931 -0.00005838088641 -0.109826
15.10242 3621572 -0.00004105430150 -0.078128
15.12550 3706144 -0.00003623034308 -0.069748
15.14859 3792690 -0.00004968603025 -0.096763
15.17167 3881257 -0.00007441527198 -0.146605
15.19475 3971892 -0.00003850966710 -0.076748
15.21784 4064644 0.00004034244488 0.081334
15.24092 4159562 0.00008735465069 0.178160
15.26400 4256696 0.00008392827504 0.173159
15.28709 4356099 0.00004541467616 0.094786
15.31017 4457822 0.00002304424871 0.048655
15.33325 4561922 -0.00004248472184 -0.090742
15.35634 4668452 -0.00005068828732 -0.109520
15.37942 4777470 -0.00002176870843 -0.047581
15.40251 4889034 -0.000002890959319 -0.006392
15.42559 5003202 -0.00001657471488 -0.037074
15.44867 5120037 0.000004440303981 0.010047
15.47176 5239601 0.00001391610883 0.031854
15.49484 5361956 0.000004318615852 0.010000
15.51792 5487169 0.000001015005518 0.002378
15.54101 5615306 0.00003397031398 0.080498
15.56409 5746434 0.00003648434439 0.087459
15.58717 5880625 0.00001836621918 0.044538
15.61026 6017950 0.00001031699130 0.025309
15.63334 6158482 0.000006758867027 0.016773
15.65642 6302295 -0.00002332457364 -0.058555
15.67951 6449466 -0.00003954759314 -0.100434
15.70259 6600075 -0.00004869293043 -0.125095
15.72568 6754200 -0.00004429978270 -0.115130
15.74876 6911924 -0.00003895093348 -0.102404
15.77184 7073332 -0.00004006234364 -0.106549
15.79493 7238509 -0.00002241096767 -0.060296
15.81801 7407543 -0.000003019585469 -0.008218
15.84109 7580524 0.00002502420604 0.068899
15.86418 7757545 0.00003369814211 0.093857
15.88726 7938699 0.00003189593665 0.089869
15.91034 8124084 0.00001032621499 0.029433
15.93343 8313798 -0.000001948121529 -0.005617
15.95651 8507942 -0.00002229784916 -0.065039
15.97959 8706620 -0.00003852326068 -0.113671
16.00268 8909938 -0.00001924490346 -0.057445
16.02576 9118003 -0.00002002740804 -0.060475
16.04884 9330927 -0.00001804403063 -0.055118
16.07193 9548823 -0.00001885774509 -0.058273
16.09501 9771808 -0.00001472975163 -0.046045
16.11810 10000000 -0.000005567578941 -0.017606
