logY Y Sw sqrtY_times_Sw
6.90675 999 0.001903475099 0.060163
6.93049 1023 0.002104697540 0.067317
6.95368 1047 0.001660810877 0.053739
6.97635 1071 0.001408810210 0.046105
6.99942 1096 0.001398575061 0.046301
7.02287 1122 0.001407158371 0.047135
7.04578 1148 0.001475448205 0.049991
7.06902 1175 0.001550684033 0.053155
7.09174 1202 0.001093740948 0.037920
7.11477 1230 0.002449355746 0.085902
7.13807 1259 0.003301112699 0.117131
7.16162 1289 0.004125993885 0.148134
7.18463 1319 0.003054885757 0.110947
7.20712 1349 0.0008791588118 0.032290
7.23056 1381 -0.0008743396810 -0.032492
7.25347 1413 -0.001266328820 -0.047601
7.27656 1446 -0.0008928827820 -0.033953
7.29980 1480 -0.001095812003 -0.042157
7.32317 1515 -0.001095377639 -0.042635
7.34601 1550 -0.0008826647094 -0.034751
7.36897 1586 -0.001900133369 -0.075672
7.39203 1623 -0.003381088385 -0.136212
7.41518 1661 -0.002488117552 -0.101404
7.43838 1700 -0.0008915512091 -0.036760
7.46164 1740 0.0007128926197 0.029737
7.48437 1780 0.0007791788854 0.032874
7.50769 1822 0.001405803838 0.060007
7.53048 1864 0.0007288360907 0.031467
7.55381 1908 -0.0004009557557 -0.017514
7.57712 1953 -0.0008090005081 -0.035752
7.59990 1998 -0.0006383200842 -0.028532
7.62315 2045 -0.001748036040 -0.079049
7.64635 2093 -0.002418547628 -0.110647
7.66950 2142 -0.001407238909 -0.065129
7.69257 2192 0.0006499285948 0.030429
7.71557 2243 0.001921328904 0.090995
7.73849 2295 0.002467532157 0.118210
7.76174 2349 0.003662854364 0.177526
7.78489 2404 0.004088451553 0.200459
7.80792 2460 0.002430240378 0.120536
7.83082 2517 0.001010997077 0.050721
7.85399 2576 -0.000006691972780 -0.000340
7.87702 2636 -0.001323421549 -0.067947
7.90027 2698 -0.001502623165 -0.078050
7.92335 2761 -0.001276207264 -0.067059
7.94626 2825 -0.0004831261298 -0.025679
7.96936 2891 -0.0005387608217 -0.028968
7.99261 2959 -0.001547822116 -0.084196
8.01566 3028 -0.001466808917 -0.080714
8.03883 3099 0.0005199168907 0.028943
8.06180 3171 0.0004451543784 0.025067
8.08487 3245 -0.0002964765834 -0.016889
8.10802 3321 -0.00002244509340 -0.001293
8.13094 3398 0.0008874036580 0.051729
8.15421 3478 0.00002886315873 0.001702
8.17723 3559 -0.0008603744121 -0.051328
8.20029 3642 -0.001328910883 -0.080198
8.22336 3727 -0.001978250810 -0.120771
8.24643 3814 -0.001067282306 -0.065913
8.26950 3903 -0.0002316862433 -0.014474
8.29255 3994 0.0003427814245 0.021663
8.31581 4088 0.001666207987 0.106533
8.33878 4183 0.001801970528 0.116544
8.36194 4281 0.002316364419 0.151558
8.38503 4381 0.001799856565 0.119131
8.40805 4483 0.001059520284 0.070940
8.43120 4588 0.001215864740 0.082356
8.45425 4695 0.0003448510935 0.023629
8.47741 4805 -0.0002660763345 -0.018444
8.50045 4917 -0.0008720402569 -0.061149
8.52357 5032 -0.001012844938 -0.071848
8.54656 5149 -0.0009388544204 -0.067369
8.56960 5269 -0.0004339498384 -0.031499
8.59267 5392 -0.00005582674848 -0.004099
8.61577 5518 0.00001593127641 0.001183
8.63888 5647 0.00001282031343 0.000963
8.66199 5779 -0.0002484133149 -0.018884
8.68508 5914 -0.001123098449 -0.086369
8.70814 6052 -0.0009196605193 -0.071545
8.73134 6194 0.0001289157063 0.010146
8.75432 6338 0.0001808008544 0.014394
8.77740 6486 -0.0003087322641 -0.024864
8.80057 6638 -0.0006984407059 -0.056905
8.82365 6793 -0.0007769986534 -0.064040
8.84664 6951 -0.0003866231576 -0.032234
8.86982 7114 0.0001526842387 0.012878
8.89289 7280 -9.304369777e-7 -0.000079
8.91597 7450 -0.00002205001482 -0.001903
8.93906 7624 0.0004002792691 0.034951
8.96214 7802 0.0008421525171 0.074386
8.98519 7984 0.001302184393 0.116354
9.00835 8171 0.001015501442 0.091795
9.03133 8361 0.0006025158849 0.055093
9.05450 8557 0.0004089399444 0.037829
9.07761 8757 0.0003837861081 0.035914
9.10064 8961 0.0007508787819 0.071080
9.12369 9170 0.00003378491350 0.003235
9.14676 9384 -0.0008213653754 -0.079567
9.16993 9604 -0.0006749793914 -0.066148
9.19299 9828 -0.0001164160498 -0.011541
9.21602 10057 -0.0001008520990 -0.010114
9.23912 10292 0.0002394788241 0.024295
9.26227 10533 0.0007399408445 0.075940
9.28536 10779 0.0003485786017 0.036190
9.30837 11030 0.0002403440331 0.025242
9.33150 11288 0.0001494218566 0.015875
9.35453 11551 -0.0001382938040 -0.014863
9.37763 11821 -0.0004736532804 -0.051498
9.40071 12097 -0.0004794336520 -0.052731
9.42384 12380 -0.0004137044633 -0.046031
9.44691 12669 -0.0006484330285 -0.072985
9.47001 12965 -0.0009218841787 -0.104969
9.49311 13268 -0.0008286725085 -0.095452
9.51613 13577 -0.0006210559637 -0.072366
9.53921 13894 -0.0002380866590 -0.028064
9.56233 14219 0.0005437869846 0.064843
9.58541 14551 0.0008724076894 0.105236
9.60851 14891 0.0005507329541 0.067205
9.63161 15239 0.0002008315012 0.024792
9.65464 15594 -0.0005152079114 -0.064337
9.67778 15959 -0.0004732276836 -0.059782
9.70082 16331 -0.0001836910607 -0.023474
9.72394 16713 -0.00003686269901 -0.004766
9.74701 17103 0.000002282726883 0.000299
9.77007 17502 0.0003628639886 0.048005
9.79317 17911 0.0006197185556 0.082938
9.81624 18329 0.0005907889505 0.079984
9.83932 18757 0.0004166158261 0.057058
9.86241 19195 0.0007729948316 0.107095
9.88553 19644 0.0007230670982 0.101343
9.90857 20102 0.0002238367019 0.031736
9.93169 20572 -0.00009028327638 -0.012949
9.95475 21052 -0.0003955756693 -0.057395
9.97785 21544 -0.0005510928063 -0.080889
10.00093 22047 -0.0003706988255 -0.055042
10.02402 22562 -0.00005617004464 -0.008437
10.04711 23089 0.00006961293778 0.010578
10.07019 23628 -0.0001567875034 -0.024100
10.09328 24180 -0.00002721877242 -0.004232
10.11634 24744 0.0002621869137 0.041243
10.13943 25322 0.00008441902324 0.013434
10.16250 25913 0.0001478677235 0.023803
10.18562 26519 0.0001398162061 0.022769
10.20869 27138 -0.00001484258695 -0.002445
10.23178 27772 -0.0002236076152 -0.037264
10.25485 28420 -0.0003703704743 -0.062438
10.27794 29084 -0.0007149869823 -0.121934
10.30102 29763 -0.0006525030064 -0.112570
10.32410 30458 -0.0003593378959 -0.062712
10.34718 31169 -0.0001550736114 -0.027378
10.37027 31897 -0.00005171971843 -0.009237
10.39336 32642 0.0002143674336 0.038730
10.41643 33404 0.0004883680562 0.089258
10.43951 34184 0.0004834959994 0.089393
10.46262 34983 0.0003800595907 0.071085
10.48570 35800 0.0001968115226 0.037238
10.50879 36636 -0.0001447124142 -0.027699
10.53186 37491 -0.0004836480001 -0.093647
10.55495 38367 -0.0002875019539 -0.056314
10.57804 39263 0.00006485919248 0.012852
10.60112 40180 0.0002892845589 0.057987
10.62420 41118 0.0003361367234 0.068160
10.64728 42078 0.0002472733572 0.050723
10.67037 43061 0.0002419332490 0.050204
10.69344 44066 0.0004502340865 0.094513
10.71653 45095 0.0004146731673 0.088058
10.73961 46148 0.0003498691916 0.075159
10.76270 47226 0.0002492691809 0.054170
10.78579 48329 -0.00007480120833 -0.016444
10.80886 49457 -0.0002173330243 -0.048333
10.83194 50612 -0.0004190689480 -0.094278
10.85503 51794 -0.0004680741641 -0.106526
10.87812 53004 -0.0005116287431 -0.117790
10.90121 54242 -0.0003795199484 -0.088390
10.92428 55508 -0.0002536808830 -0.059768
10.94736 56804 -0.00002800388734 -0.006674
10.97045 58131 -0.00008898943748 -0.021456
10.99353 59488 0.00007163414799 0.017472
11.01663 60878 0.0002428083014 0.059909
11.03970 62299 0.0002087633458 0.052107
11.06279 63754 0.00001197554365 0.003024
11.08587 65243 -0.00001188132306 -0.003035
11.10895 66766 -0.0001895614733 -0.048981
11.13205 68326 -0.0002665540234 -0.069675
11.15512 69921 -0.0002469754890 -0.065307
11.17821 71554 -0.00005517652622 -0.014759
11.20129 73225 0.00007552336279 0.020437
11.22438 74935 0.0002187700695 0.059887
11.24746 76685 0.0003929480546 0.108815
11.27054 78475 0.0003332298353 0.093349
11.29362 80308 0.0002608111142 0.073910
11.31670 82183 0.0001663064824 0.047676
11.33980 84103 0.0002314299193 0.067116
11.36288 86067 0.0002166052617 0.063546
11.38596 88076 0.0001464389162 0.043460
11.40904 90133 0.00004079605030 0.012248
11.43213 92238 -0.0001330913123 -0.040421
11.45521 94392 -0.0003284907689 -0.100923
11.47829 96596 -0.0004150554511 -0.128999
11.50138 98852 -0.0003529760344 -0.110978
11.52446 101160 -0.0003000765698 -0.095441
11.54755 103523 -0.0001720241610 -0.055349
11.57063 105940 0.00009573208206 0.031159
11.59371 108414 0.0003568850032 0.117509
11.61680 110946 0.0003161041702 0.105290
11.63988 113537 0.0001847230281 0.062243
11.66296 116188 0.00003896586414 0.013282
11.68605 118901 -0.0001054744724 -0.036370
11.70913 121678 -0.0001714851327 -0.059818
11.73221 124519 -0.0002026720921 -0.071517
11.75530 127427 -0.0002168458039 -0.077407
11.77838 130403 -0.0002524876335 -0.091177
11.80147 133448 -0.0003669608082 -0.134053
11.82455 136564 -0.0002165956038 -0.080042
11.84763 139753 0.0001206564688 0.045106
11.87072 143017 0.0003388600899 0.128149
11.89380 146357 0.0003840768016 0.146935
11.91688 149774 0.0003336778267 0.129135
11.93997 153272 0.0002543421791 0.099575
11.96305 156851 0.0002326021673 0.092121
11.98614 160514 0.0002391497165 0.095813
12.00922 164262 0.0001087853080 0.044090
12.03230 168098 -0.00003024970987 -0.012402
12.05538 172023 -0.0001462969967 -0.060678
12.07847 176041 -0.0001530454150 -0.064214
12.10156 180152 -0.0001247851947 -0.052964
12.12463 184358 -0.0001273421784 -0.054677
12.14772 188664 -0.00008830622763 -0.038356
12.17080 193069 0.00003224414518 0.014168
12.19389 197578 0.00003238174422 0.014394
12.21697 202192 0.000001920257248 0.000863
12.24005 206913 -0.00001149077008 -0.005227
12.26314 211745 0.00006964169561 0.032046
12.28622 216690 -0.000008204802083 -0.003819
12.30931 221750 -0.0001287279596 -0.060618
12.33239 226928 -0.0002554134243 -0.121671
12.35547 232228 -0.0003015372645 -0.145311
12.37856 237651 -0.0002136795511 -0.104168
12.40164 243200 -0.0001486953868 -0.073330
12.42472 248879 -0.00009707586931 -0.048429
12.44781 254691 0.00008331332258 0.042046
12.47089 260639 0.0001655766453 0.084532
12.49397 266725 0.0002192383496 0.113227
12.51706 272954 0.0002909018914 0.151982
12.54014 279328 0.0002590201569 0.136896
12.56323 285851 0.0001191140168 0.063684
12.58631 292526 -0.00001663157269 -0.008995
12.60939 299357 -0.00006510200530 -0.035620
12.63248 306348 -0.00005971098603 -0.033049
12.65556 313502 0.00001194613588 0.006689
12.67864 320823 0.00002758310128 0.015623
12.70173 328315 0.000009633458396 0.005520
12.72481 335981 0.00006715769349 0.038927
12.74789 343827 0.00007710009374 0.045209
12.77098 351856 0.00005300598585 0.031442
12.79406 360073 -0.00002757626798 -0.016547
12.81714 368481 -0.0001241882810 -0.075386
12.84023 377086 -0.00002359931293 -0.014492
12.86331 385892 0.00003693815668 0.022946
12.88640 394903 0.00008465143561 0.053196
12.90948 404125 0.00007142314399 0.045404
12.93256 413562 -0.00003169895103 -0.020385
12.95565 423220 -0.0002007605558 -0.130606
12.97873 433103 -0.0002016936832 -0.132736
13.00181 443217 -0.00009862877919 -0.065662
13.02490 453567 -0.00002269449123 -0.015284
13.04798 464158 -0.00002275108213 -0.015500
13.07106 474997 -0.00005751262987 -0.039638
13.09415 486090 0.00002378763664 0.016585
13.11723 497441 0.00005904251994 0.041642
13.14032 509057 0.00005490885114 0.039176
13.16340 520945 -0.00001012766083 -0.007310
13.18648 533110 -0.00008322837420 -0.060769
13.20957 545559 -0.00007174598398 -0.052993
13.23265 558299 0.00002107064823 0.015744
13.25573 571336 0.00006463739981 0.048857
13.27882 584678 0.00001464259820 0.011196
13.30190 598332 0.00001495252747 0.011566
13.32498 612304 0.00009927586392 0.077683
13.34807 626603 0.0001400192312 0.110837
13.37115 641235 0.00007053454117 0.056482
13.39423 656209 0.00002469416984 0.020004
13.41732 671533 0.00002188976021 0.017938
13.44040 687215 0.00004455628604 0.036936
13.46349 703263 0.00005662644511 0.047487
13.48657 719685 0.00002175341510 0.018454
13.50965 736491 0.00003311271822 0.028417
13.53274 753690 -2.701485244e-7 -0.000235
13.55582 771290 -0.00006651291311 -0.058414
13.57890 789301 -0.00007941507093 -0.070554
13.60199 807733 -0.00009400843609 -0.084489
13.62507 826595 -0.00008060596133 -0.073285
13.64815 845898 -0.00006514327290 -0.059914
13.67124 865652 0.00001686829096 0.015694
13.69432 885866 0.00006538771194 0.061543
13.71740 906553 0.00006281412114 0.059807
13.74049 927723 0.00001486369666 0.014316
13.76357 949387 -0.00005768039827 -0.056202
13.78666 971557 -0.0001087504428 -0.107193
13.80974 994245 -0.0001040294293 -0.103730
13.83282 1017463 -0.00006905959779 -0.069660
13.85591 1041223 -0.00001458006313 -0.014878
13.87899 1065537 0.00002098764594 0.021664
13.90207 1090420 0.00001614678583 0.016861
13.92516 1115883 0.00003611145270 0.038146
13.94824 1141942 0.00004906466298 0.052431
13.97132 1168608 0.00005800482458 0.062704
13.99441 1195898 0.00007399170178 0.080915
14.01749 1223824 0.00006425970816 0.071088
14.04057 1252403 0.00003262559370 0.036512
14.06366 1281649 0.000002363461778 0.002676
14.08674 1311579 -0.00001430265359 -0.016380
14.10983 1342207 -0.00007124778444 -0.082543
14.13291 1373550 -0.00004105493194 -0.048116
14.15599 1405625 0.00001280181211 0.015178
14.17908 1438449 0.00002767010942 0.033186
14.20216 1472040 0.00002471234773 0.029983
14.22524 1506415 -0.000007315577750 -0.008979
14.24833 1541593 -0.000002173258171 -0.002698
14.27141 1577593 0.00003315915522 0.041649
14.29449 1614433 0.00008351849393 0.106119
14.31758 1652133 0.00009124763380 0.117285
14.34066 1690714 0.00003293442857 0.042824
14.36374 1730195 -0.00002995109387 -0.039397
14.38683 1770599 -0.00006308840063 -0.083948
14.40991 1811946 -0.00008088912543 -0.108884
14.43300 1854259 -0.0001222285122 -0.166440
14.45608 1897559 -0.0001245899025 -0.171625
14.47916 1941871 -0.00008471000269 -0.118044
14.50225 1987218 -0.000004660806505 -0.006570
14.52533 2033624 0.00006739420720 0.096108
14.54841 2081113 0.00007511528951 0.108362
14.57150 2129711 0.00004884552081 0.071283
14.59458 2179444 0.00002653726800 0.039177
14.61766 2230339 0.000008129278522 0.012141
14.64075 2282422 -0.00001690533034 -0.025540
14.66383 2335721 -0.000008363889720 -0.012783
14.68691 2390265 -0.00001978439635 -0.030588
14.71000 2446082 -0.00003842216096 -0.060092
14.73308 2503203 -0.00003297300884 -0.052168
14.75617 2561658 0.000008210966674 0.013142
14.77925 2621478 0.00002752700720 0.044569
14.80233 2682695 0.00003500544674 0.057335
14.82542 2745342 0.00007683695386 0.127312
14.84850 2809451 0.00008579203778 0.143800
14.87158 2875058 0.00006689337114 0.113424
14.89467 2942196 0.00005048175536 0.086591
14.91775 3010902 0.000008651471842 0.015012
14.94083 3081213 -0.00002955611510 -0.051881
14.96392 3153166 -0.00005619908397 -0.099794
14.98700 3226799 -0.00004471449770 -0.080322
15.01008 3302151 -0.00003989823665 -0.072502
15.03317 3379263 -0.00005996111347 -0.110225
15.05625 3458176 -0.00006600167675 -0.122738
15.07934 3538931 -0.00004109500745 -0.077308
15.10242 3621572 -0.00002142077546 -0.040765
15.12550 3706144 0.00002225233490 0.042839
15.14859 3792690 0.00007019638372 0.136706
15.17167 3881257 0.00006502573334 0.128107
15.19475 3971892 0.00002765595134 0.055117
15.21784 4064644 -0.00002037402201 -0.041076
15.24092 4159562 -0.00005622376282 -0.114668
15.26400 4256696 -0.00005862632671 -0.120956
15.28709 4356099 -0.00002654699419 -0.055407
15.31017 4457822 -0.00001000713815 -0.021129
15.33325 4561922 -0.00001563916129 -0.033403
15.35634 4668452 -0.000003233625572 -0.006987
15.37942 4777470 0.000006233645614 0.013625
15.40251 4889034 0.00002536160887 0.056077
15.42559 5003202 0.00003556083944 0.079542
15.44867 5120037 0.00005165134448 0.116874
15.47176 5239601 0.00003469586985 0.079419
15.49484 5361956 0.00002383607460 0.055195
15.51792 5487169 0.00001974116023 0.046243
15.54101 5615306 0.00001061163387 0.025146
15.56409 5746434 -0.000006909128023 -0.016562
15.58717 5880625 0.00001107098567 0.026847
15.61026 6017950 6.934623681e-7 0.001701
15.63334 6158482 -0.00002158679049 -0.053570
15.65642 6302295 -0.00002437273289 -0.061186
15.67951 6449466 -0.00001473257549 -0.037415
15.70259 6600075 -0.00002366350802 -0.060793
15.72568 6754200 -0.00002396492589 -0.062282
15.74876 6911924 4.295688120e-7 0.001129
15.77184 7073332 0.00001874353587 0.049850
15.79493 7238509 0.00001577482392 0.042441
15.81801 7407543 0.000007671632999 0.020880
15.84109 7580524 -0.000003559368694 -0.009800
15.86418 7757545 -0.00003138647338 -0.087419
15.88726 7938699 -0.00003131500100 -0.088232
15.91034 8124084 -0.00003364933242 -0.095910
15.93343 8313798 -0.00004072703327 -0.117431
15.95651 8507942 -0.00003047830836 -0.088900
15.97959 8706620 -0.000007798993003 -0.023012
16.00268 8909938 0.00001240248799 0.037021
16.02576 9118003 0.00002454795833 0.074125
16.04884 9330927 0.00002996951745 0.091547
16.07193 9548823 0.00001874102811 0.057912
16.09501 9771808 0.000006616040364 0.020682
16.11810 10000000 0.000005028870506 0.015903
