logY Y Sw sqrtY_times_Sw
6.90675 999 0.002793459652 0.088293
6.93049 1023 -0.0009230115958 -0.029522
6.95368 1047 -0.006153422793 -0.199109
6.97635 1071 -0.007724594284 -0.252796
6.99942 1096 -0.007508912283 -0.248589
7.02287 1122 -0.002607553373 -0.087343
7.04578 1148 0.002646583969 0.089672
7.06902 1175 0.003931255236 0.134757
7.09174 1202 0.004705604333 0.163143
7.11477 1230 0.004130698361 0.144869
7.13807 1259 0.003422330597 0.121432
7.16162 1289 0.0006285876550 0.022568
7.18463 1319 -0.0002234031480 -0.008114
7.20712 1349 0.0007049174158 0.025891
7.23056 1381 0.001031882311 0.038347
7.25347 1413 0.002864438767 0.107674
7.27656 1446 0.002853428721 0.108505
7.29980 1480 -0.0002449793046 -0.009425
7.32317 1515 -0.003303030232 -0.128564
7.34601 1550 -0.002226085872 -0.087641
7.36897 1586 0.001442311096 0.057439
7.39203 1623 0.001159981938 0.046732
7.41518 1661 0.002269946704 0.092513
7.43838 1700 0.001423358379 0.058687
7.46164 1740 -0.0008464206609 -0.035307
7.48437 1780 -0.001036837827 -0.043744
7.50769 1822 0.001783018470 0.076108
7.53048 1864 0.003460951127 0.149423
7.55381 1908 0.002276492714 0.099439
7.57712 1953 -0.001100921282 -0.048653
7.59990 1998 -0.001098983435 -0.049123
7.62315 2045 0.001358484411 0.061433
7.64635 2093 0.002878610171 0.131694
7.66950 2142 0.001016691987 0.047054
7.69257 2192 -0.00004656880973 -0.002180
7.71557 2243 -0.0006213380182 -0.029427
7.73849 2295 -0.0007166765144 -0.034333
7.76174 2349 -0.001670329920 -0.080955
7.78489 2404 -0.001882634157 -0.092307
7.80792 2460 -0.002324308593 -0.115282
7.83082 2517 -0.001473500002 -0.073925
7.85399 2576 0.001440379665 0.073105
7.87702 2636 0.003379519914 0.173511
7.90027 2698 0.002968380919 0.154184
7.92335 2761 0.001019263403 0.053557
7.94626 2825 -0.002279466444 -0.121155
7.96936 2891 -0.001526634796 -0.082084
7.99261 2959 -0.0001094082474 -0.005951
8.01566 3028 0.0001177547445 0.006480
8.03883 3099 0.000001196047000 0.000067
8.06180 3171 0.0007231396010 0.040721
8.08487 3245 0.002488037322 0.141731
8.10802 3321 0.003033961769 0.174842
8.13094 3398 0.002199579419 0.128219
8.15421 3478 0.0007615651708 0.044913
8.17723 3559 -0.0006525760729 -0.038931
8.20029 3642 -0.002860059663 -0.172602
8.22336 3727 -0.001935907177 -0.118186
8.24643 3814 -0.001056976443 -0.065276
8.26950 3903 -0.0006772808670 -0.042312
8.29255 3994 -0.001265738975 -0.079992
8.31581 4088 -0.001443173385 -0.092273
8.33878 4183 0.000008277370446 0.000535
8.36194 4281 0.002490106489 0.162926
8.38503 4381 0.002977349034 0.197068
8.40805 4483 0.002388166401 0.159900
8.43120 4588 0.001273283999 0.086246
8.45425 4695 0.0008894025316 0.060942
8.47741 4805 0.0005676571841 0.039349
8.50045 4917 0.0003993876876 0.028006
8.52357 5032 -0.00003296097863 -0.002338
8.54656 5149 0.000006660477753 0.000478
8.56960 5269 -0.0003986377969 -0.028936
8.59267 5392 0.0004432748996 0.032550
8.61577 5518 0.001030796584 0.076571
8.63888 5647 0.0001898228466 0.014265
8.66199 5779 -0.0008395622310 -0.063823
8.68508 5914 0.00005414166905 0.004164
8.70814 6052 0.0004682133444 0.036424
8.73134 6194 -0.0005055757754 -0.039790
8.75432 6338 -0.001797868676 -0.143131
8.77740 6486 -0.001690211266 -0.136122
8.80057 6638 -0.003177748751 -0.258904
8.82365 6793 -0.001783293441 -0.146978
8.84664 6951 0.001288772818 0.107448
8.86982 7114 0.002383657787 0.201048
8.89289 7280 0.001387490580 0.118385
8.91597 7450 0.0007180405279 0.061977
8.93906 7624 0.0007568135349 0.066082
8.96214 7802 0.001761474529 0.155589
8.98519 7984 0.001106063655 0.098830
9.00835 8171 0.0006314999877 0.057084
9.03133 8361 0.0004113732495 0.037615
9.05450 8557 -0.0006670988115 -0.061709
9.07761 8757 -0.001951475753 -0.182617
9.10064 8961 -0.001366928888 -0.129397
9.12369 9170 -0.0003709492414 -0.035522
9.14676 9384 0.0003230752756 0.031297
9.16993 9604 0.0004908649396 0.048105
9.19299 9828 0.001474006575 0.146128
9.21602 10057 0.001531540450 0.153590
9.23912 10292 0.00007292062757 0.007398
9.26227 10533 -0.0006313460281 -0.064795
9.28536 10779 -0.0008400873392 -0.087220
9.30837 11030 -0.0008203442283 -0.086156
9.33150 11288 0.001090275701 0.115836
9.35453 11551 0.0003790931725 0.040743
9.37763 11821 -0.0001901390917 -0.020673
9.40071 12097 -0.0002028782365 -0.022314
9.42384 12380 0.0001670770689 0.018590
9.44691 12669 0.0009476961032 0.106670
9.47001 12965 0.0008923918173 0.101611
9.49311 13268 0.0008279680665 0.095371
9.51613 13577 -0.0001286755810 -0.014993
9.53921 13894 -0.0002119101034 -0.024978
9.56233 14219 -0.0001938408883 -0.023114
9.58541 14551 0.0002682886053 0.032363
9.60851 14891 -0.0009263032088 -0.113036
9.63161 15239 -0.001241591863 -0.153270
9.65464 15594 -0.001009105074 -0.126013
9.67778 15959 -0.0007072061962 -0.089341
9.70082 16331 -0.0001192000041 -0.015233
9.72394 16713 0.0003068947392 0.039675
9.74701 17103 0.0004882586795 0.063854
9.77007 17502 0.0007805267018 0.103260
9.79317 17911 0.0008398324791 0.112396
9.81624 18329 0.0002587023794 0.035024
9.83932 18757 0.0004328314570 0.059279
9.86241 19195 0.0001098300419 0.015217
9.88553 19644 -0.0001447980599 -0.020294
9.90857 20102 0.0003637772009 0.051577
9.93169 20572 0.0005989379742 0.085905
9.95475 21052 0.0005005695082 0.072629
9.97785 21544 -0.0001784993798 -0.026200
10.00093 22047 -0.0005521176961 -0.081980
10.02402 22562 -0.0002450149770 -0.036803
10.04711 23089 -0.0001986104588 -0.030179
10.07019 23628 -0.0006054954092 -0.093073
10.09328 24180 -0.0007162086802 -0.111370
10.11634 24744 -0.0007228898940 -0.113712
10.13943 25322 -0.0009594787546 -0.152681
10.16250 25913 0.00002631487271 0.004236
10.18562 26519 0.001576414695 0.256714
10.20869 27138 0.001734190968 0.285684
10.23178 27772 0.0005875435731 0.097914
10.25485 28420 -0.0002442932336 -0.041184
10.27794 29084 0.00007054374319 0.012031
10.30102 29763 0.0004095090277 0.070648
10.32410 30458 -0.0001857278042 -0.032414
10.34718 31169 -0.0004718775453 -0.083309
10.37027 31897 0.00006718509274 0.011999
10.39336 32642 0.0006589207182 0.119048
10.41643 33404 0.0003489938076 0.063785
10.43951 34184 0.00006587167979 0.012179
10.46262 34983 -0.0001920192726 -0.035915
10.48570 35800 -0.0003574950185 -0.067641
10.50879 36636 -0.0001501802949 -0.028745
10.53186 37491 -0.00001110751872 -0.002151
10.55495 38367 -0.0003039847340 -0.059543
10.57804 39263 -0.0008650175069 -0.171402
10.60112 40180 -0.0009803134840 -0.196503
10.62420 41118 -0.0001336480490 -0.027101
10.64728 42078 -0.0001227969845 -0.025189
10.67037 43061 0.0002543920396 0.052789
10.69344 44066 0.0005980466862 0.125541
10.71653 45095 0.0003363989070 0.071436
10.73961 46148 0.0002913304826 0.062584
10.76270 47226 0.0003574153218 0.077672
10.78579 48329 0.0005483190427 0.120542
10.80886 49457 0.0004551871892 0.101229
10.83194 50612 0.0002678363896 0.060255
10.85503 51794 -0.0002575572254 -0.058616
10.87812 53004 -0.0004316670163 -0.099381
10.90121 54242 -0.0001419612308 -0.033063
10.92428 55508 -0.0002818372848 -0.066401
10.94736 56804 -0.0002790137208 -0.066499
10.97045 58131 -0.00006334946421 -0.015274
10.99353 59488 0.0003387243226 0.082615
11.01663 60878 0.0007244734726 0.178753
11.03970 62299 0.0003742022895 0.093400
11.06279 63754 -0.00006132535451 -0.015484
11.08587 65243 -0.0006533604650 -0.166886
11.10895 66766 -0.0006385157559 -0.164987
11.13205 68326 -0.0004211995498 -0.110098
11.15512 69921 -0.0002618884674 -0.069250
11.17821 71554 0.00009029615738 0.024154
11.20129 73225 0.0004023925814 0.108888
11.22438 74935 0.0002494972718 0.068298
11.24746 76685 0.0005362024841 0.148485
11.27054 78475 0.0007159655315 0.200566
11.29362 80308 0.0003780630113 0.107138
11.31670 82183 0.00001379043398 0.003953
11.33980 84103 0.0001220585212 0.035398
11.36288 86067 -0.00003413110955 -0.010013
11.38596 88076 -0.0002088854497 -0.061992
11.40904 90133 -0.0006254420593 -0.187771
11.43213 92238 -0.0007399039450 -0.224714
11.45521 94392 -0.0005909202477 -0.181550
11.47829 96596 -0.0002662425760 -0.082748
11.50138 98852 0.0001806915331 0.056811
11.52446 101160 0.0004203297309 0.133689
11.54755 103523 0.0002568187956 0.082631
11.57063 105940 -0.00008395054931 -0.027325
11.59371 108414 -0.0001380429190 -0.045452
11.61680 110946 0.0003972024761 0.132302
11.63988 113537 0.0004964598688 0.167283
11.66296 116188 0.0002556626376 0.087146
11.68605 118901 0.00003685352376 0.012708
11.70913 121678 -0.0001853036015 -0.064638
11.73221 124519 -0.0002319591652 -0.081852
11.75530 127427 -0.0001598881929 -0.057075
11.77838 130403 0.00007203748618 0.026014
11.80147 133448 0.0001457084079 0.053228
11.82455 136564 0.0001515850651 0.056018
11.84763 139753 0.0001495679584 0.055914
11.87072 143017 0.0001270763053 0.048057
11.89380 146357 -0.0003435931558 -0.131447
11.91688 149774 -0.0004356524210 -0.168600
11.93997 153272 -0.0004283496492 -0.167699
11.96305 156851 -0.00008865324278 -0.035111
11.98614 160514 0.0002494344205 0.099934
12.00922 164262 0.0002505569973 0.101549
12.03230 168098 0.0001606454486 0.065864
12.05538 172023 0.0001207715091 0.050091
12.07847 176041 -0.00004795481044 -0.020121
12.10156 180152 0.0002011270224 0.085367
12.12463 184358 0.0002468361296 0.105984
12.14772 188664 0.0001192196577 0.051784
12.17080 193069 -0.0001469094384 -0.064551
12.19389 197578 -0.0003135958971 -0.139393
12.21697 202192 -0.00003116375510 -0.014013
12.24005 206913 0.0002409032901 0.109581
12.26314 211745 0.0002478141322 0.114034
12.28622 216690 0.0001806054783 0.084072
12.30931 221750 0.00003167545952 0.014916
12.33239 226928 -0.0001304539016 -0.062144
12.35547 232228 -0.0002989216143 -0.144050
12.37856 237651 -0.0003658463802 -0.178348
12.40164 243200 -0.0003875962138 -0.191144
12.42472 248879 -0.0001605495538 -0.080095
12.44781 254691 -0.00006779200954 -0.034213
12.47089 260639 0.0002276764502 0.116235
12.49397 266725 0.0002237251968 0.115544
12.51706 272954 0.00009927500600 0.051866
12.54014 279328 0.00005314782758 0.028089
12.56323 285851 -0.00004714327979 -0.025205
12.58631 292526 0.0001319105782 0.071345
12.60939 299357 0.0002171643645 0.118818
12.63248 306348 0.0001523921502 0.084347
12.65556 313502 0.00002393236761 0.013400
12.67864 320823 0.00005796596916 0.032833
12.70173 328315 -0.000003633097547 -0.002082
12.72481 335981 -0.00002152550229 -0.012477
12.74789 343827 -0.0001012453699 -0.059367
12.77098 351856 -0.0001872440799 -0.111068
12.79406 360073 -0.0001431028612 -0.085870
12.81714 368481 -0.000005912247570 -0.003589
12.84023 377086 0.0001804378924 0.110802
12.86331 385892 0.0001524235869 0.094686
12.88640 394903 0.000005833299739 0.003666
12.90948 404125 -0.0001901728225 -0.120894
12.93256 413562 -0.0002178627509 -0.140105
12.95565 423220 -0.0001792247466 -0.116595
12.97873 433103 0.000002665972562 0.001754
13.00181 443217 -0.000002424175311 -0.001614
13.02490 453567 0.00007504087242 0.050538
13.04798 464158 0.0001886152032 0.128502
13.07106 474997 0.0002888265111 0.199059
13.09415 486090 0.0003875471519 0.270198
13.11723 497441 0.0001441805263 0.101690
13.14032 509057 -0.00007290121191 -0.052014
13.16340 520945 -0.0002166222695 -0.156350
13.18648 533110 -0.0001333744590 -0.097383
13.20957 545559 -0.0001532241329 -0.113174
13.23265 558299 -0.0002484574441 -0.185646
13.25573 571336 -0.0001770097227 -0.133796
13.27882 584678 -0.00006329018413 -0.048394
13.30190 598332 0.0001134774127 0.087777
13.32498 612304 0.0001915303970 0.149872
13.34807 626603 0.00005118863636 0.040520
13.37115 641235 -0.00008598586414 -0.068855
13.39423 656209 -0.00003255748673 -0.026374
13.41732 671533 0.00005444079288 0.044613
13.44040 687215 0.0001196095069 0.099154
13.46349 703263 0.0001427063583 0.119675
13.48657 719685 -0.00001271242123 -0.010784
13.50965 736491 -0.0001015365439 -0.087138
13.53274 753690 -0.00009621058163 -0.083526
13.55582 771290 -0.00001484334434 -0.013036
13.57890 789301 0.00001429402934 0.012699
13.60199 807733 0.00007315874004 0.065751
13.62507 826595 0.00007935341780 0.072146
13.64815 845898 0.0001056935712 0.097209
13.67124 865652 0.00007743730720 0.072048
13.69432 885866 0.00002697606724 0.025390
13.71740 906553 -0.00006743159009 -0.064204
13.74049 927723 -0.0001532221876 -0.147581
13.76357 949387 -0.0002394783176 -0.233339
13.78666 971557 -0.0002331078466 -0.229769
13.80974 994245 0.00002201816300 0.021955
13.83282 1017463 0.0001220691077 0.123130
13.85591 1041223 0.00007834118383 0.079940
13.87899 1065537 0.00002014268834 0.020792
13.90207 1090420 0.00009337776580 0.097508
13.92516 1115883 0.0001678996355 0.177361
13.94824 1141942 0.0001151407295 0.123041
13.97132 1168608 0.00003027321401 0.032726
13.99441 1195898 -0.00005963249095 -0.065212
14.01749 1223824 -0.00005586374086 -0.061800
14.04057 1252403 -0.00001194641659 -0.013369
14.06366 1281649 0.000005269800253 0.005966
14.08674 1311579 -0.00003585503691 -0.041063
14.10983 1342207 -0.00004304508615 -0.049869
14.13291 1373550 -0.00001436053643 -0.016830
14.15599 1405625 0.00004342083424 0.051479
14.17908 1438449 -0.000004095589276 -0.004912
14.20216 1472040 -0.00009316976294 -0.113041
14.22524 1506415 -0.0001368410090 -0.167953
14.24833 1541593 -0.00004166224008 -0.051728
14.27141 1577593 0.00006034380548 0.075793
14.29449 1614433 0.00001391362394 0.017679
14.31758 1652133 -0.000001075619385 -0.001383
14.34066 1690714 -7.847841179e-7 -0.001020
14.36374 1730195 0.00003143531492 0.041349
14.38683 1770599 0.000007076538517 0.009416
14.40991 1811946 0.00004428148715 0.059607
14.43300 1854259 0.0001099104197 0.149666
14.45608 1897559 0.00009440994320 0.130052
14.47916 1941871 0.00003416782709 0.047613
14.50225 1987218 -0.00003476232937 -0.049004
14.52533 2033624 -0.00001080813648 -0.015413
14.54841 2081113 -0.00004317806446 -0.062289
14.57150 2129711 -0.00006086266338 -0.088820
14.59458 2179444 -0.000004051997952 -0.005982
14.61766 2230339 0.00003360197296 0.050182
14.64075 2282422 0.00001039379467 0.015703
14.66383 2335721 -0.00002075807883 -0.031725
14.68691 2390265 -0.00005962225049 -0.092179
14.71000 2446082 -0.0001087115283 -0.170024
14.73308 2503203 -0.00006351587566 -0.100492
14.75617 2561658 0.00001705651884 0.027299
14.77925 2621478 0.00001489299134 0.024113
14.80233 2682695 0.00002846803273 0.046628
14.82542 2745342 0.00004340097668 0.071911
14.84850 2809451 0.00001505212587 0.025229
14.87158 2875058 0.00006300281506 0.106828
14.89467 2942196 0.00009318703811 0.159842
14.91775 3010902 0.00008186224358 0.142047
14.94083 3081213 0.00001319779176 0.023167
14.96392 3153166 -0.00002904307895 -0.051572
14.98700 3226799 -0.00001431376862 -0.025712
15.01008 3302151 -0.00004108772876 -0.074664
15.03317 3379263 -0.00007327146408 -0.134693
15.05625 3458176 -0.0001060585003 -0.197228
15.07934 3538931 -0.00006571334680 -0.123620
15.10242 3621572 -0.00002342976998 -0.044588
15.12550 3706144 0.00001305228590 0.025127
15.14859 3792690 0.00006137018610 0.119517
15.17167 3881257 0.00005133351633 0.101132
15.19475 3971892 0.00002467250742 0.049171
15.21784 4064644 -0.000006784149296 -0.013677
15.24092 4159562 0.00001026382012 0.020933
15.26400 4256696 0.00003250559101 0.067065
15.28709 4356099 -0.00004912458519 -0.102529
15.31017 4457822 -0.00005214261213 -0.110092
15.33325 4561922 -0.00001296524521 -0.027692
15.35634 4668452 0.000003313201648 0.007159
15.37942 4777470 0.00005526612238 0.120798
15.40251 4889034 0.00006360791698 0.140644
15.42559 5003202 0.00004245390107 0.094960
15.44867 5120037 -0.00001088230764 -0.024624
15.47176 5239601 0.000002450459821 0.005609
15.49484 5361956 0.00002404861288 0.055687
15.51792 5487169 -0.000005297024827 -0.012408
15.54101 5615306 -0.00009149135439 -0.216804
15.56409 5746434 -0.00008639286267 -0.207099
15.58717 5880625 -0.00004305598451 -0.104411
15.61026 6017950 0.00001082385868 0.026553
15.63334 6158482 0.00002586219376 0.064180
15.65642 6302295 -0.00002134112543 -0.053576
15.67951 6449466 -0.00001481423831 -0.037622
15.70259 6600075 -0.000002256827474 -0.005798
15.72568 6754200 0.00001846083565 0.047978
15.74876 6911924 0.00007275083150 0.191266
15.77184 7073332 0.00009138375707 0.243042
15.79493 7238509 0.00003278823419 0.088215
15.81801 7407543 -0.00002779808904 -0.075658
15.84109 7580524 -0.00006272458922 -0.172698
15.86418 7757545 -0.00003842341151 -0.107018
15.88726 7938699 -0.00002468771183 -0.069559
15.91034 8124084 -0.00002405510055 -0.068564
15.93343 8313798 0.00002770935791 0.079896
15.95651 8507942 0.00004917340931 0.143431
15.97959 8706620 0.00002893386799 0.085375
16.00268 8909938 -0.000002462052912 -0.007349
16.02576 9118003 -0.00003654393091 -0.110348
16.04884 9330927 -0.00008264419461 -0.252450
16.07193 9548823 -0.00005268146756 -0.162792
16.09501 9771808 -0.00001617577617 -0.050565
16.11810 10000000 0.000002292529403 0.007250
