logY Y Sw sqrtY_times_Sw
6.90675 999 0.001324527544 0.041864
6.93049 1023 0.005623581722 0.179867
6.95368 1047 0.005503824962 0.178089
6.97635 1071 0.004828424657 0.158016
6.99942 1096 0.002874038179 0.095148
7.02287 1122 -0.001499020239 -0.050212
7.04578 1148 -0.001912931431 -0.064814
7.06902 1175 -0.001816123389 -0.062254
7.09174 1202 -0.00001664451942 -0.000577
7.11477 1230 0.001544945096 0.054183
7.13807 1259 0.0009638404600 0.034199
7.16162 1289 0.0001792270186 0.006435
7.18463 1319 -0.001893198430 -0.068757
7.20712 1349 -0.0005779236892 -0.021226
7.23056 1381 0.001953779160 0.072606
7.25347 1413 0.003671848637 0.138024
7.27656 1446 0.002978182022 0.113249
7.29980 1480 0.0005759802572 0.022158
7.32317 1515 0.001823041416 0.070958
7.34601 1550 0.002786707737 0.109713
7.36897 1586 0.003053323876 0.121597
7.39203 1623 0.002396979801 0.096566
7.41518 1661 0.002482702629 0.101183
7.43838 1700 0.001611177400 0.066431
7.46164 1740 0.001923815843 0.080249
7.48437 1780 0.001154481751 0.048708
7.50769 1822 0.0003463954952 0.014786
7.53048 1864 0.0008904311578 0.038444
7.55381 1908 0.001085354431 0.047409
7.57712 1953 -0.0003414221393 -0.015088
7.59990 1998 -0.002725139419 -0.121811
7.62315 2045 -0.002119517803 -0.095848
7.64635 2093 -0.0003860962636 -0.017664
7.66950 2142 -0.0009964472676 -0.046117
7.69257 2192 -0.0001950204750 -0.009131
7.71557 2243 -0.00007857033389 -0.003721
7.73849 2295 0.001563117257 0.074883
7.76174 2349 0.001133883427 0.054955
7.78489 2404 0.00005099277579 0.002500
7.80792 2460 0.001138962743 0.056491
7.83082 2517 0.0007111189310 0.035677
7.85399 2576 -0.001802191131 -0.091469
7.87702 2636 -0.002624152880 -0.134729
7.90027 2698 -0.001228450708 -0.063809
7.92335 2761 0.0009594289301 0.050413
7.94626 2825 0.0005144860988 0.027345
7.96936 2891 0.001730764280 0.093060
7.99261 2959 0.002926410735 0.159187
8.01566 3028 0.002569059438 0.141368
8.03883 3099 0.001215466884 0.067663
8.06180 3171 0.0007655632671 0.043110
8.08487 3245 -0.00003899963402 -0.002222
8.10802 3321 0.0003999875800 0.023051
8.13094 3398 0.0003688311530 0.021500
8.15421 3478 0.0007875901999 0.046448
8.17723 3559 0.001384968352 0.082624
8.20029 3642 -0.0006095634256 -0.036787
8.22336 3727 -0.0008253309864 -0.050386
8.24643 3814 0.0004109339008 0.025378
8.26950 3903 0.00002995395945 0.001871
8.29255 3994 -0.0008353766407 -0.052794
8.31581 4088 -0.0002831316485 -0.018103
8.33878 4183 0.00002132522610 0.001379
8.36194 4281 0.0008864418537 0.057999
8.38503 4381 0.001138746181 0.075373
8.40805 4483 0.001735231246 0.116183
8.43120 4588 0.002682190082 0.181678
8.45425 4695 0.001374098134 0.094153
8.47741 4805 -0.0004760382988 -0.032998
8.50045 4917 -0.0009578332480 -0.067165
8.52357 5032 -0.0002443627253 -0.017334
8.54656 5149 0.0004204640206 0.030171
8.56960 5269 0.0003071122333 0.022293
8.59267 5392 -0.0004562507908 -0.033503
8.61577 5518 -0.001758994339 -0.130664
8.63888 5647 -0.001800831632 -0.135326
8.66199 5779 -0.001255275353 -0.095426
8.68508 5914 0.0008243961025 0.063398
8.70814 6052 0.002459802002 0.191359
8.73134 6194 0.001214365210 0.095573
8.75432 6338 0.0006215135004 0.049480
8.77740 6486 0.001063411228 0.085643
8.80057 6638 0.0005141988334 0.041894
8.82365 6793 -0.0004648436128 -0.038312
8.84664 6951 -0.0007881123758 -0.065707
8.86982 7114 -0.001609583362 -0.135760
8.89289 7280 -0.001728132449 -0.147449
8.91597 7450 -0.001977582765 -0.170692
8.93906 7624 -0.001190111393 -0.103915
8.96214 7802 0.0008333374708 0.073608
8.98519 7984 0.002715707934 0.242657
9.00835 8171 0.003821184028 0.345411
9.03133 8361 0.002771593653 0.253430
9.05450 8557 0.001192431453 0.110305
9.07761 8757 -0.0005667510174 -0.053036
9.10064 8961 -0.001235516285 -0.116957
9.12369 9170 -0.001417134934 -0.135705
9.14676 9384 -0.00006493147146 -0.006290
9.16993 9604 0.0002852562879 0.027955
9.19299 9828 -0.000005370526246 -0.000532
9.21602 10057 -0.0001460810111 -0.014650
9.23912 10292 0.00007378007590 0.007485
9.26227 10533 -0.0001246245155 -0.012790
9.28536 10779 0.0003145470389 0.032657
9.30837 11030 0.001462593590 0.153607
9.33150 11288 0.001913659458 0.203317
9.35453 11551 0.0009582436881 0.102988
9.37763 11821 -0.0001081832258 -0.011762
9.40071 12097 -0.0002798173530 -0.030776
9.42384 12380 -0.001067164397 -0.118739
9.44691 12669 -0.0007840197175 -0.088247
9.47001 12965 -0.001100841980 -0.125346
9.49311 13268 -0.0005801721458 -0.066828
9.51613 13577 -0.0004113823993 -0.047934
9.53921 13894 -0.0006757120777 -0.079648
9.56233 14219 -0.0001757557666 -0.020958
9.58541 14551 0.0007591386549 0.091573
9.60851 14891 0.001399419313 0.170769
9.63161 15239 0.0008902383229 0.109897
9.65464 15594 0.0004355433171 0.054389
9.67778 15959 -0.0003412866077 -0.043114
9.70082 16331 -0.001392351832 -0.177933
9.72394 16713 -0.0009283145169 -0.120011
9.74701 17103 0.0003026385858 0.039579
9.77007 17502 0.0008073591698 0.106810
9.79317 17911 0.0005952633138 0.079665
9.81624 18329 0.00001869626883 0.002531
9.83932 18757 0.0004690667936 0.064242
9.86241 19195 0.0005850051338 0.081050
9.88553 19644 0.000001783165655 0.000250
9.90857 20102 0.0001381668910 0.019590
9.93169 20572 0.0001360137260 0.019508
9.95475 21052 -0.0002808777318 -0.040753
9.97785 21544 -0.0005870344570 -0.086164
10.00093 22047 -0.00002472202147 -0.003671
10.02402 22562 0.0006637399537 0.099698
10.04711 23089 0.0005555626238 0.084418
10.07019 23628 -0.00003083171438 -0.004739
10.09328 24180 -0.0001956471639 -0.030423
10.11634 24744 0.0004317260768 0.067911
10.13943 25322 0.0003139508668 0.049959
10.16250 25913 -0.0001326911549 -0.021360
10.18562 26519 -0.0003728128671 -0.060711
10.20869 27138 0.00008592556791 0.014155
10.23178 27772 -0.00006608125468 -0.011012
10.25485 28420 0.00002118283797 0.003571
10.27794 29084 0.00008846217913 0.015086
10.30102 29763 0.0002542213363 0.043858
10.32410 30458 0.0001078718244 0.018826
10.34718 31169 -0.00006158817752 -0.010873
10.37027 31897 -0.0002290139376 -0.040901
10.39336 32642 -0.0002423154498 -0.043779
10.41643 33404 -0.0001964054895 -0.035897
10.43951 34184 0.0001499795851 0.027730
10.46262 34983 0.0005259940041 0.098381
10.48570 35800 0.00004358313138 0.008246
10.50879 36636 0.0001082792535 0.020725
10.53186 37491 0.0001305817862 0.025284
10.55495 38367 -0.0002722037516 -0.053318
10.57804 39263 -0.0004894843368 -0.096991
10.60112 40180 -0.0002951105297 -0.059155
10.62420 41118 0.0003008809965 0.061011
10.64728 42078 0.0003240056280 0.066463
10.67037 43061 -0.00007953223268 -0.016504
10.69344 44066 -0.0004017813785 -0.084342
10.71653 45095 -0.0003197533182 -0.067901
10.73961 46148 0.00007352060227 0.015794
10.76270 47226 0.0004602598924 0.100022
10.78579 48329 0.0004361295171 0.095878
10.80886 49457 0.0004422816086 0.098359
10.83194 50612 0.0001467400552 0.033012
10.85503 51794 -0.00002892325389 -0.006582
10.87812 53004 0.0001058644297 0.024373
10.90121 54242 0.0002046291534 0.047658
10.92428 55508 0.00004075834588 0.009603
10.94736 56804 -0.0002479754773 -0.059101
10.97045 58131 -0.0006030917511 -0.145408
10.99353 59488 -0.0004488166928 -0.109467
11.01663 60878 -0.00002191890472 -0.005408
11.03970 62299 0.0002548069760 0.063599
11.06279 63754 0.0008038069493 0.202958
11.08587 65243 0.0009247933432 0.236217
11.10895 66766 0.0007199150332 0.186020
11.13205 68326 -0.00008275910811 -0.021633
11.15512 69921 -0.0004484543994 -0.118583
11.17821 71554 -0.0004847900892 -0.129679
11.20129 73225 -0.0002737076917 -0.074066
11.22438 74935 -0.0004588528076 -0.125608
11.24746 76685 -0.0005079707523 -0.140668
11.27054 78475 -0.0001809100744 -0.050679
11.29362 80308 0.00006379475362 0.018079
11.31670 82183 0.0001447992861 0.041510
11.33980 84103 0.0003555449084 0.103110
11.36288 86067 0.0002544629233 0.074652
11.38596 88076 0.0001784089742 0.052948
11.40904 90133 0.00005575674799 0.016739
11.43213 92238 -0.00002036258518 -0.006184
11.45521 94392 0.0001598402024 0.049108
11.47829 96596 -0.0001360715202 -0.042291
11.50138 98852 -0.0004266305163 -0.134136
11.52446 101160 -0.0001800491315 -0.057266
11.54755 103523 -0.000009460899448 -0.003044
11.57063 105940 -0.0001184821894 -0.038564
11.59371 108414 -0.0001731365074 -0.057007
11.61680 110946 0.00006158565008 0.020513
11.63988 113537 0.0003583391669 0.120743
11.66296 116188 0.0007083579357 0.241453
11.68605 118901 0.0005629782876 0.194126
11.70913 121678 0.0003247335172 0.113275
11.73221 124519 -0.0001663640756 -0.058705
11.75530 127427 -0.0005787316892 -0.206589
11.77838 130403 -0.0004016335158 -0.145035
11.80147 133448 -0.00008058789049 -0.029439
11.82455 136564 -0.0001086530385 -0.040152
11.84763 139753 -0.0001770251294 -0.066178
11.87072 143017 0.000004867625043 0.001841
11.89380 146357 0.0002417565917 0.092488
11.91688 149774 0.0002321931521 0.089860
11.93997 153272 0.0002379396084 0.093153
11.96305 156851 0.0002196422631 0.086988
11.98614 160514 -0.00003091374796 -0.012385
12.00922 164262 -0.0001820985638 -0.073803
12.03230 168098 -0.0001756295451 -0.072008
12.05538 172023 -0.00003888591841 -0.016128
12.07847 176041 0.00002801432585 0.011754
12.10156 180152 0.0002383763578 0.101177
12.12463 184358 0.0001266481351 0.054379
12.14772 188664 -0.00007399288627 -0.032139
12.17080 193069 -0.0001876812211 -0.082466
12.19389 197578 -0.0001729939863 -0.076895
12.21697 202192 -0.00006217013976 -0.027955
12.24005 206913 0.0001642740546 0.074724
12.26314 211745 0.00001577879433 0.007261
12.28622 216690 -0.000005554865765 -0.002586
12.30931 221750 0.00001787132728 0.008416
12.33239 226928 0.00009375221118 0.044661
12.35547 232228 -0.0001160482871 -0.055924
12.37856 237651 -0.0002043904736 -0.099639
12.40164 243200 -0.00001428698260 -0.007046
12.42472 248879 0.0001349086071 0.067303
12.44781 254691 0.00008909087378 0.044961
12.47089 260639 -0.00006816518896 -0.034800
12.49397 266725 -0.00001828867503 -0.009445
12.51706 272954 0.00007567742732 0.039538
12.54014 279328 0.0001178853218 0.062304
12.56323 285851 -0.00001112647208 -0.005949
12.58631 292526 -0.0001129800236 -0.061106
12.60939 299357 -0.00006086278445 -0.033300
12.63248 306348 0.00006909440373 0.038243
12.65556 313502 0.00005251239818 0.029402
12.67864 320823 0.0001217782865 0.068977
12.70173 328315 0.0001475849698 0.084564
12.72481 335981 0.00002581217409 0.014962
12.74789 343827 -0.0001082454121 -0.063472
12.77098 351856 -0.00007604829790 -0.045110
12.79406 360073 -0.00009222519903 -0.055341
12.81714 368481 -0.0001011202656 -0.061383
12.84023 377086 0.00003251092858 0.019964
12.86331 385892 0.0001439826115 0.089442
12.88640 394903 0.00009395522298 0.059043
12.90948 404125 0.00007420940825 0.047176
12.93256 413562 0.00005219271858 0.033565
12.95565 423220 0.00009697097745 0.063085
12.97873 433103 -0.00001926012068 -0.012675
13.00181 443217 -0.0001591573436 -0.105958
13.02490 453567 -0.0001160393825 -0.078149
13.04798 464158 -0.0001003107525 -0.068341
13.07106 474997 -0.0001846614493 -0.127269
13.09415 486090 -0.0001038963385 -0.072437
13.11723 497441 0.0001486628608 0.104851
13.14032 509057 0.0002953125682 0.210700
13.16340 520945 0.0001871243861 0.135060
13.18648 533110 0.000001657222005 0.001210
13.20957 545559 -0.00003322850602 -0.024543
13.23265 558299 -0.0001340775739 -0.100182
13.25573 571336 -0.0001800530824 -0.136096
13.27882 584678 -0.00006654563215 -0.050884
13.30190 598332 0.00006187887295 0.047864
13.32498 612304 -0.00005735855223 -0.044883
13.34807 626603 -0.0001366681599 -0.108184
13.37115 641235 -0.00005390793304 -0.043168
13.39423 656209 0.0001588773855 0.128701
13.41732 671533 0.0002019886727 0.165524
13.44040 687215 0.0001761056216 0.145989
13.46349 703263 0.0001206795049 0.101203
13.48657 719685 0.000002071425162 0.001757
13.50965 736491 -0.00003088287134 -0.026503
13.53274 753690 -0.00007674877208 -0.066630
13.55582 771290 -0.00003182270743 -0.027948
13.57890 789301 -0.00001088535786 -0.009671
13.60199 807733 -0.00009608446940 -0.086355
13.62507 826595 -0.0001146050492 -0.104196
13.64815 845898 -0.00009525362120 -0.087607
13.67124 865652 -0.00007028257597 -0.065391
13.69432 885866 0.00001849574362 0.017408
13.71740 906553 0.0001459413915 0.138955
13.74049 927723 0.0002424280745 0.233503
13.76357 949387 0.0002222612453 0.216564
13.78666 971557 0.00007379178502 0.072735
13.80974 994245 -0.00007527874951 -0.075062
13.83282 1017463 -0.0001989116957 -0.200641
13.85591 1041223 -0.0001834644830 -0.187208
13.87899 1065537 -0.0001360277954 -0.140414
13.90207 1090420 -0.00002827080958 -0.029521
13.92516 1115883 0.00005654805712 0.059735
13.94824 1141942 0.00002159738202 0.023079
13.97132 1168608 0.00008987171538 0.097153
13.99441 1195898 0.0001458496697 0.159497
14.01749 1223824 0.00006020643665 0.066604
14.04057 1252403 0.00001940106331 0.021712
14.06366 1281649 0.00002379304482 0.026936
14.08674 1311579 -0.00002764973152 -0.031666
14.10983 1342207 -0.00008580575639 -0.099409
14.13291 1373550 -0.0001270683245 -0.148922
14.15599 1405625 -0.00007804167859 -0.092525
14.17908 1438449 -0.000001063073930 -0.001275
14.20216 1472040 0.00004735561804 0.057455
14.22524 1506415 0.00003242078584 0.039792
14.24833 1541593 -0.00001766889543 -0.021938
14.27141 1577593 -7.721278713e-7 -0.000970
14.29449 1614433 0.00004712280241 0.059874
14.31758 1652133 0.00006248220899 0.080312
14.34066 1690714 0.00003329286299 0.043290
14.36374 1730195 0.00002620531886 0.034470
14.38683 1770599 -0.00001679061916 -0.022342
14.40991 1811946 -0.00004755495852 -0.064013
14.43300 1854259 -0.000009844985225 -0.013406
14.45608 1897559 0.00001297199909 0.017869
14.47916 1941871 -0.000007200192837 -0.010034
14.50225 1987218 -0.00006126171763 -0.086360
14.52533 2033624 -0.00001514478212 -0.021597
14.54841 2081113 0.00005532645240 0.079814
14.57150 2129711 0.00005533633734 0.080755
14.59458 2179444 0.00003373725566 0.049806
14.61766 2230339 0.00003140034286 0.046894
14.64075 2282422 -0.000008109385959 -0.012251
14.66383 2335721 -0.00007336076520 -0.112118
14.68691 2390265 -0.00007744042225 -0.119727
14.71000 2446082 0.00001295691549 0.020265
14.73308 2503203 0.00008726884503 0.138073
14.75617 2561658 0.00004702289361 0.075261
14.77925 2621478 -0.00003077471711 -0.049827
14.80233 2682695 -0.00002265657091 -0.037109
14.82542 2745342 -0.000009455963231 -0.015668
14.84850 2809451 -0.00004573462825 -0.076658
14.87158 2875058 -0.00001174702231 -0.019918
14.89467 2942196 0.000003841225421 0.006589
14.91775 3010902 0.00001846637654 0.032043
14.94083 3081213 0.00001822809059 0.031996
14.96392 3153166 -0.000006089741739 -0.010814
14.98700 3226799 0.00002785235050 0.050032
15.01008 3302151 0.000007364028084 0.013382
15.03317 3379263 -0.000007952788774 -0.014619
15.05625 3458176 0.000004167538351 0.007750
15.07934 3538931 0.000008398116370 0.015799
15.10242 3621572 -0.00006180373768 -0.117615
15.12550 3706144 -0.00006090188846 -0.117244
15.14859 3792690 -0.00002396318087 -0.046668
15.17167 3881257 0.00003933673042 0.077497
15.19475 3971892 0.00007619760028 0.151859
15.21784 4064644 0.00008215579239 0.165634
15.24092 4159562 0.00004871882758 0.099362
15.26400 4256696 -0.00004224144569 -0.087152
15.28709 4356099 -0.00006257555709 -0.130603
15.31017 4457822 -0.00001577690493 -0.033311
15.33325 4561922 0.00004452334519 0.095096
15.35634 4668452 0.00001749620305 0.037803
15.37942 4777470 -0.00003262962811 -0.071320
15.40251 4889034 -0.00004206909344 -0.093020
15.42559 5003202 -0.000008314263585 -0.018597
15.44867 5120037 -0.000009243294783 -0.020915
15.47176 5239601 -0.000008093933235 -0.018527
15.49484 5361956 0.00004754501742 0.110095
15.51792 5487169 0.00005531045207 0.129563
15.54101 5615306 0.00002665507967 0.063164
15.56409 5746434 -0.00002141930429 -0.051346
15.58717 5880625 0.000002648063891 0.006422
15.61026 6017950 5.245037743e-7 0.001287
15.63334 6158482 -0.00001215056894 -0.030153
15.65642 6302295 -0.00001949589592 -0.048943
15.67951 6449466 -0.00004232897642 -0.107498
15.70259 6600075 -0.00003533199381 -0.090770
15.72568 6754200 -0.00002469790709 -0.064187
15.74876 6911924 0.00001394277977 0.036656
15.77184 7073332 0.00004850177133 0.128994
15.79493 7238509 0.00007385331831 0.198698
15.81801 7407543 0.00005565491645 0.151475
15.84109 7580524 0.00001459855309 0.040194
15.86418 7757545 -0.000008760015450 -0.024399
15.88726 7938699 -0.00003834608134 -0.108043
15.91034 8124084 -0.00005129745471 -0.146212
15.93343 8313798 -0.00004476192114 -0.129065
15.95651 8507942 -0.00002680382286 -0.078182
15.97959 8706620 -0.000007795741597 -0.023003
16.00268 8909938 -0.00002365612681 -0.070612
16.02576 9118003 0.00002579979552 0.077905
16.04884 9330927 0.00005615311693 0.171528
16.07193 9548823 0.00006008312360 0.185664
16.09501 9771808 0.00003577234051 0.111824
16.11810 10000000 0.000002874776760 0.009091
