om p1 p2
0.500 6.22642e+1 4.69986e+5
0.520 6.55860e+1 4.59909e+5
0.540 6.89564e+1 4.49419e+5
0.560 7.23661e+1 4.38534e+5
0.580 7.58057e+1 4.27275e+5
0.600 7.92654e+1 4.15663e+5
0.620 8.27355e+1 4.03727e+5
0.640 8.62057e+1 3.91493e+5
0.660 8.96659e+1 3.78994e+5
0.680 9.31057e+1 3.66261e+5
0.700 9.65146e+1 3.53329e+5
0.720 9.98822e+1 3.40236e+5
0.740 1.03198e+2 3.27018e+5
0.760 1.06451e+2 3.13715e+5
0.780 1.09631e+2 3.00367e+5
0.800 1.12728e+2 2.87014e+5
0.820 1.15732e+2 2.73695e+5
0.840 1.18632e+2 2.60451e+5
0.860 1.21419e+2 2.47322e+5
0.880 1.24084e+2 2.34347e+5
0.900 1.26616e+2 2.21562e+5
0.920 1.29009e+2 2.09004e+5
0.940 1.31252e+2 1.96708e+5
0.960 1.33339e+2 1.84706e+5
0.980 1.35261e+2 1.73027e+5
1.000 1.37013e+2 1.61701e+5
1.020 1.38588e+2 1.50751e+5
1.040 1.39981e+2 1.40201e+5
1.060 1.41187e+2 1.30069e+5
1.080 1.42202e+2 1.20373e+5
1.100 1.43022e+2 1.11125e+5
1.120 1.43646e+2 1.02336e+5
1.140 1.44071e+2 9.40142e+4
1.160 1.44296e+2 8.61624e+4
1.180 1.44323e+2 7.87824e+4
1.200 1.44151e+2 7.18724e+4
1.220 1.43782e+2 6.54282e+4
1.240 1.43220e+2 5.94425e+4
1.260 1.42468e+2 5.39059e+4
1.280 1.41529e+2 4.88066e+4
1.300 1.40411e+2 4.41307e+4
1.320 1.39117e+2 3.98623e+4
1.340 1.37657e+2 3.59842e+4
1.360 1.36037e+2 3.24774e+4
1.380 1.34265e+2 2.93221e+4
1.400 1.32352e+2 2.64973e+4
1.420 1.30306e+2 2.39814e+4
1.440 1.28138e+2 2.17523e+4
1.460 1.25860e+2 1.97879e+4
1.480 1.23482e+2 1.80658e+4
1.500 1.21016e+2 1.65640e+4
1.520 1.18475e+2 1.52607e+4
1.540 1.15871e+2 1.41349e+4
1.560 1.13216e+2 1.31662e+4
1.580 1.10524e+2 1.23351e+4
1.600 1.07807e+2 1.16233e+4
1.620 1.05077e+2 1.10133e+4
1.640 1.02348e+2 1.04890e+4
1.660 9.96320e+1 1.00356e+4
1.680 9.69404e+1 9.63943e+3
1.700 9.42853e+1 9.28840e+3
1.720 9.16779e+1 8.97164e+3
1.740 8.91289e+1 8.67966e+3
1.760 8.66484e+1 8.40431e+3
1.780 8.42459e+1 8.13869e+3
1.800 8.19302e+1 7.87719e+3
1.820 7.97091e+1 7.61531e+3
1.840 7.75899e+1 7.34968e+3
1.860 7.55788e+1 7.07793e+3
1.880 7.36812e+1 6.79862e+3
1.900 7.19015e+1 6.51111e+3
1.920 7.02430e+1 6.21550e+3
1.940 6.87084e+1 5.91252e+3
1.960 6.72992e+1 5.60340e+3
1.980 6.60157e+1 5.28981e+3
2.000 6.48576e+1 4.97374e+3
2.020 6.38233e+1 4.65741e+3
2.040 6.29106e+1 4.34318e+3
2.060 6.21161e+1 4.03348e+3
2.080 6.14357e+1 3.73074e+3
2.100 6.08643e+1 3.43728e+3
2.120 6.03961e+1 3.15531e+3
2.140 6.00247e+1 2.88684e+3
2.160 5.97428e+1 2.63367e+3
2.180 5.95428e+1 2.39730e+3
2.200 5.94161e+1 2.17898e+3
2.220 5.93543e+1 1.97965e+3
2.240 5.93480e+1 1.79993e+3
2.260 5.93879e+1 1.64015e+3
2.280 5.94644e+1 1.50030e+3
2.300 5.95676e+1 1.38012e+3
2.320 5.96879e+1 1.27905e+3
2.340 5.98154e+1 1.19629e+3
2.360 5.99406e+1 1.13082e+3
2.380 6.00539e+1 1.08140e+3
2.400 6.01463e+1 1.04666e+3
2.420 6.02089e+1 1.02508e+3
2.440 6.02333e+1 1.01504e+3
2.460 6.02117e+1 1.01489e+3
2.480 6.01367e+1 1.02291e+3
2.500 6.00016e+1 1.03741e+3
2.520 5.98003e+1 1.05672e+3
2.540 5.95274e+1 1.07923e+3
2.560 5.91781e+1 1.10342e+3
2.580 5.87487e+1 1.12789e+3
2.600 5.82360e+1 1.15133e+3
2.620 5.76376e+1 1.17261e+3
2.640 5.69521e+1 1.19071e+3
2.660 5.61786e+1 1.20481e+3
2.680 5.53173e+1 1.21421e+3
2.700 5.43690e+1 1.21842e+3
2.720 5.33353e+1 1.21707e+3
2.740 5.22186e+1 1.20996e+3
2.760 5.10219e+1 1.19706e+3
2.780 4.97488e+1 1.17844e+3
2.800 4.84037e+1 1.15432e+3
2.820 4.69916e+1 1.12503e+3
2.840 4.55177e+1 1.09099e+3
2.860 4.39881e+1 1.05270e+3
2.880 4.24089e+1 1.01074e+3
2.900 4.07867e+1 9.65703e+2
2.920 3.91285e+1 9.18252e+2
2.940 3.74414e+1 8.69047e+2
2.960 3.57326e+1 8.18748e+2
2.980 3.40095e+1 7.68007e+2
3.000 3.22794e+1 7.17448e+2
3.020 3.05497e+1 6.67655e+2
3.040 2.88276e+1 6.19168e+2
3.060 2.71202e+1 5.72472e+2
3.080 2.54343e+1 5.27988e+2
3.100 2.37765e+1 4.86073e+2
3.120 2.21533e+1 4.47014e+2
3.140 2.05704e+1 4.11029e+2
3.160 1.90334e+1 3.78263e+2
3.180 1.75474e+1 3.48797e+2
3.200 1.61172e+1 3.22643e+2
3.220 1.47469e+1 2.99756e+2
3.240 1.34402e+1 2.80032e+2
3.260 1.22002e+1 2.63320e+2
3.280 1.10297e+1 2.49424e+2
3.300 9.93068e+0 2.38116e+2
3.320 8.90482e+0 2.29136e+2
3.340 7.95317e+0 2.22205e+2
3.360 7.07630e+0 2.17033e+2
3.380 6.27431e+0 2.13320e+2
3.400 5.54677e+0 2.10771e+2
3.420 4.89283e+0 2.09095e+2
3.440 4.31121e+0 2.08016e+2
3.460 3.80022e+0 2.07275e+2
3.480 3.35780e+0 2.06635e+2
3.500 2.98155e+0 2.05888e+2
3.520 2.66877e+0 2.04849e+2
3.540 2.41648e+0 2.03368e+2
3.560 2.22150e+0 2.01324e+2
3.580 2.08041e+0 1.98629e+2
3.600 1.98968e+0 1.95224e+2
3.620 1.94562e+0 1.91081e+2
3.640 1.94448e+0 1.86201e+2
3.660 1.98246e+0 1.80610e+2
3.680 2.05573e+0 1.74357e+2
3.700 2.16049e+0 1.67510e+2
3.720 2.29297e+0 1.60156e+2
3.740 2.44952e+0 1.52394e+2
3.760 2.62653e+0 1.44332e+2
3.780 2.82056e+0 1.36084e+2
3.800 3.02830e+0 1.27769e+2
3.820 3.24661e+0 1.19503e+2
3.840 3.47253e+0 1.11398e+2
3.860 3.70328e+0 1.03562e+2
3.880 3.93631e+0 9.60930e+1
3.900 4.16926e+0 8.90771e+1
3.920 4.39999e+0 8.25894e+1
3.940 4.62658e+0 7.66908e+1
3.960 4.84734e+0 7.14278e+1
3.980 5.06078e+0 6.68321e+1
4.000 5.26563e+0 6.29204e+1
4.020 5.46083e+0 5.96949e+1
4.040 5.64551e+0 5.71439e+1
4.060 5.81900e+0 5.52429e+1
4.080 5.98081e+0 5.39556e+1
4.100 6.13060e+0 5.32357e+1
4.120 6.26820e+0 5.30282e+1
4.140 6.39357e+0 5.32712e+1
4.160 6.50681e+0 5.38978e+1
4.180 6.60814e+0 5.48376e+1
4.200 6.69784e+0 5.60188e+1
4.220 6.77632e+0 5.73699e+1
4.240 6.84404e+0 5.88207e+1
4.260 6.90152e+0 6.03048e+1
4.280 6.94931e+0 6.17600e+1
4.300 6.98803e+0 6.31296e+1
4.320 7.01829e+0 6.43638e+1
4.340 7.04072e+0 6.54196e+1
4.360 7.05594e+0 6.62620e+1
4.380 7.06458e+0 6.68638e+1
4.400 7.06724e+0 6.72059e+1
4.420 7.06450e+0 6.72770e+1
4.440 7.05693e+0 6.70734e+1
4.460 7.04503e+0 6.65984e+1
4.480 7.02929e+0 6.58618e+1
4.500 7.01016e+0 6.48790e+1
4.520 6.98803e+0 6.36704e+1
4.540 6.96327e+0 6.22604e+1
4.560 6.93619e+0 6.06763e+1
4.580 6.90707e+0 5.89475e+1
4.600 6.87614e+0 5.71047e+1
4.620 6.84359e+0 5.51789e+1
4.640 6.80959e+0 5.32005e+1
4.660 6.77426e+0 5.11985e+1
4.680 6.73768e+0 4.91999e+1
4.700 6.69993e+0 4.72295e+1
4.720 6.66104e+0 4.53086e+1
4.740 6.62103e+0 4.34555e+1
4.760 6.57990e+0 4.16848e+1
4.780 6.53765e+0 4.00074e+1
4.800 6.49424e+0 3.84304e+1
4.820 6.44965e+0 3.69576e+1
4.840 6.40384e+0 3.55892e+1
4.860 6.35677e+0 3.43224e+1
4.880 6.30842e+0 3.31514e+1
4.900 6.25875e+0 3.20686e+1
4.920 6.20773e+0 3.10641e+1
4.940 6.15534e+0 3.01267e+1
4.960 6.10157e+0 2.92445e+1
4.980 6.04643e+0 2.84050e+1
5.000 5.98991e+0 2.75960e+1
5.020 5.93204e+0 2.68056e+1
5.040 5.87285e+0 2.60230e+1
5.060 5.81237e+0 2.52387e+1
5.080 5.75066e+0 2.44449e+1
5.100 5.68777e+0 2.36352e+1
5.120 5.62378e+0 2.28058e+1
5.140 5.55876e+0 2.19545e+1
5.160 5.49279e+0 2.10815e+1
5.180 5.42596e+0 2.01889e+1
5.200 5.35837e+0 1.92808e+1
5.220 5.29010e+0 1.83632e+1
5.240 5.22126e+0 1.74436e+1
5.260 5.15195e+0 1.65307e+1
5.280 5.08227e+0 1.56343e+1
5.300 5.01232e+0 1.47650e+1
5.320 4.94219e+0 1.39335e+1
5.340 4.87197e+0 1.31507e+1
5.360 4.80175e+0 1.24271e+1
5.380 4.73163e+0 1.17725e+1
5.400 4.66167e+0 1.11957e+1
5.420 4.59196e+0 1.07043e+1
5.440 4.52256e+0 1.03044e+1
5.460 4.45353e+0 1.00004e+1
5.480 4.38494e+0 9.79494e+0
5.500 4.31684e+0 9.68860e+0
5.520 4.24927e+0 9.68008e+0
5.540 4.18229e+0 9.76606e+0
5.560 4.11592e+0 9.94134e+0
5.580 4.05021e+0 1.01989e+1
5.600 3.98520e+0 1.05300e+1
5.620 3.92091e+0 1.09244e+1
5.640 3.85738e+0 1.13709e+1
5.660 3.79465e+0 1.18568e+1
5.680 3.73275e+0 1.23692e+1
5.700 3.67171e+0 1.28943e+1
5.720 3.61158e+0 1.34185e+1
5.740 3.55240e+0 1.39281e+1
5.760 3.49423e+0 1.44101e+1
5.780 3.43711e+0 1.48520e+1
5.800 3.38112e+0 1.52423e+1
5.820 3.32633e+0 1.55708e+1
5.840 3.27281e+0 1.58285e+1
5.860 3.22066e+0 1.60083e+1
5.880 3.16997e+0 1.61044e+1
5.900 3.12085e+0 1.61130e+1
5.920 3.07341e+0 1.60321e+1
5.940 3.02779e+0 1.58613e+1
5.960 2.98412e+0 1.56024e+1
5.980 2.94255e+0 1.52585e+1
6.000 2.90323e+0 1.48346e+1
6.020 2.86632e+0 1.43370e+1
6.040 2.83200e+0 1.37733e+1
6.060 2.80044e+0 1.31525e+1
6.080 2.77183e+0 1.24840e+1
6.100 2.74636e+0 1.17784e+1
6.120 2.72421e+0 1.10465e+1
6.140 2.70558e+0 1.02993e+1
6.160 2.69066e+0 9.54789e+0
6.180 2.67964e+0 8.80313e+0
6.200 2.67272e+0 8.07544e+0
6.220 2.67006e+0 7.37462e+0
6.240 2.67186e+0 6.70969e+0
6.260 2.67827e+0 6.08870e+0
6.280 2.68945e+0 5.51868e+0
6.300 2.70553e+0 5.00545e+0
6.320 2.72666e+0 4.55362e+0
6.340 2.75292e+0 4.16655e+0
6.360 2.78441e+0 3.84628e+0
6.380 2.82121e+0 3.59359e+0
6.400 2.86334e+0 3.40803e+0
6.420 2.91082e+0 3.28799e+0
6.440 2.96366e+0 3.23076e+0
6.460 3.02180e+0 3.23266e+0
6.480 3.08519e+0 3.28913e+0
6.500 3.15373e+0 3.39490e+0
6.520 3.22728e+0 3.54406e+0
6.540 3.30569e+0 3.73030e+0
6.560 3.38876e+0 3.94694e+0
6.580 3.47627e+0 4.18717e+0
6.600 3.56797e+0 4.44415e+0
6.620 3.66355e+0 4.71110e+0
6.640 3.76271e+0 4.98152e+0
6.660 3.86510e+0 5.24918e+0
6.680 3.97033e+0 5.50833e+0
6.700 4.07802e+0 5.75368e+0
6.720 4.18773e+0 5.98054e+0
6.740 4.29901e+0 6.18483e+0
6.760 4.41141e+0 6.36313e+0
6.780 4.52443e+0 6.51269e+0
6.800 4.63758e+0 6.63143e+0
6.820 4.75037e+0 6.71795e+0
6.840 4.86227e+0 6.77147e+0
6.860 4.97278e+0 6.79181e+0
6.880 5.08139e+0 6.77938e+0
6.900 5.18759e+0 6.73508e+0
6.920 5.29088e+0 6.66026e+0
6.940 5.39079e+0 6.55665e+0
6.960 5.48685e+0 6.42633e+0
6.980 5.57861e+0 6.27161e+0
7.000 5.66565e+0 6.09502e+0
7.020 5.74758e+0 5.89922e+0
7.040 5.82403e+0 5.68694e+0
7.060 5.89467e+0 5.46093e+0
7.080 5.95922e+0 5.22394e+0
7.100 6.01741e+0 4.97864e+0
7.120 6.06902e+0 4.72762e+0
7.140 6.11389e+0 4.47332e+0
7.160 6.15189e+0 4.21807e+0
7.180 6.18291e+0 3.96402e+0
7.200 6.20693e+0 3.71315e+0
7.220 6.22393e+0 3.46728e+0
7.240 6.23395e+0 3.22804e+0
7.260 6.23708e+0 2.99693e+0
7.280 6.23343e+0 2.77525e+0
7.300 6.22317e+0 2.56418e+0
7.320 6.20647e+0 2.36475e+0
7.340 6.18357e+0 2.17787e+0
7.360 6.15472e+0 2.00432e+0
7.380 6.12018e+0 1.84478e+0
7.400 6.08026e+0 1.69985e+0
7.420 6.03528e+0 1.57001e+0
7.440 5.98555e+0 1.45568e+0
7.460 5.93141e+0 1.35717e+0
7.480 5.87321e+0 1.27473e+0
7.500 5.81127e+0 1.20849e+0
7.520 5.74594e+0 1.15851e+0
7.540 5.67754e+0 1.12476e+0
7.560 5.60637e+0 1.10707e+0
7.580 5.53274e+0 1.10519e+0
7.600 5.45691e+0 1.11871e+0
7.620 5.37914e+0 1.14712e+0
7.640 5.29966e+0 1.18975e+0
7.660 5.21866e+0 1.24580e+0
7.680 5.13630e+0 1.31432e+0
7.700 5.05271e+0 1.39421e+0
7.720 4.96800e+0 1.48420e+0
7.740 4.88224e+0 1.58293e+0
7.760 4.79545e+0 1.68888e+0
7.780 4.70763e+0 1.80040e+0
7.800 4.61877e+0 1.91578e+0
7.820 4.52879e+0 2.03318e+0
7.840 4.43761e+0 2.15075e+0
7.860 4.34512e+0 2.26659e+0
7.880 4.25120e+0 2.37879e+0
7.900 4.15569e+0 2.48548e+0
7.920 4.05844e+0 2.58486e+0
7.940 3.95929e+0 2.67520e+0
7.960 3.85806e+0 2.75490e+0
7.980 3.75458e+0 2.82254e+0
8.000 3.64871e+0 2.87685e+0
8.020 3.54029e+0 2.91678e+0
8.040 3.42921e+0 2.94152e+0
8.060 3.31535e+0 2.95048e+0
8.080 3.19865e+0 2.94338e+0
8.100 3.07908e+0 2.92017e+0
8.120 2.95662e+0 2.88108e+0
8.140 2.83133e+0 2.82664e+0
8.160 2.70330e+0 2.75761e+0
8.180 2.57268e+0 2.67503e+0
8.200 2.43967e+0 2.58014e+0
8.220 2.30451e+0 2.47442e+0
8.240 2.16755e+0 2.35951e+0
8.260 2.02913e+0 2.23721e+0
8.280 1.88972e+0 2.10942e+0
8.300 1.74980e+0 1.97813e+0
8.320 1.60993e+0 1.84535e+0
8.340 1.47074e+0 1.71309e+0
8.360 1.33289e+0 1.58332e+0
8.380 1.19711e+0 1.45791e+0
8.400 1.06418e+0 1.33861e+0
8.420 9.34918e-1 1.22703e+0
8.440 8.10187e-1 1.12457e+0
8.460 6.90880e-1 1.03241e+0
8.480 5.77920e-1 9.51504e-1
8.500 4.72251e-1 8.82548e-1
8.520 3.74829e-1 8.25964e-1
8.540 2.86618e-1 7.81906e-1
8.560 2.08581e-1 7.50252e-1
8.580 1.41668e-1 7.30619e-1
8.600 8.68144e-2 7.22366e-1
8.620 4.49272e-2 7.24621e-1
8.640 1.68796e-2 7.36299e-1
8.660 3.50154e-3 7.56129e-1
8.680 5.57230e-3 7.82689e-1
8.700 2.38125e-2 8.14440e-1
8.720 5.88766e-2 8.49759e-1
8.740 1.11346e-1 8.86983e-1
8.760 1.81723e-1 9.24445e-1
8.780 2.70425e-1 9.60513e-1
8.800 3.77776e-1 9.93629e-1
8.820 5.04007e-1 1.02234e+0
8.840 6.49250e-1 1.04534e+0
8.860 8.13531e-1 1.06150e+0
8.880 9.96775e-1 1.06987e+0
8.900 1.19880e+0 1.06972e+0
8.920 1.41931e+0 1.06056e+0
8.940 1.65791e+0 1.04215e+0
8.960 1.91410e+0 1.01449e+0
8.980 2.18726e+0 9.77800e-1
9.000 2.47669e+0 9.32580e-1
9.020 2.78158e+0 8.79534e-1
9.040 3.10102e+0 8.19581e-1
9.060 3.43401e+0 7.53830e-1
9.080 3.77949e+0 6.83553e-1
9.100 4.13628e+0 6.10156e-1
9.120 4.50318e+0 5.35150e-1
9.140 4.87887e+0 4.60114e-1
9.160 5.26203e+0 3.86662e-1
9.180 5.65124e+0 3.16410e-1
9.200 6.04508e+0 2.50936e-1
9.220 6.44208e+0 1.91749e-1
9.240 6.84074e+0 1.40259e-1
9.260 7.23958e+0 9.77432e-2
9.280 7.63707e+0 6.53237e-2
9.300 8.03172e+0 4.39416e-2
9.320 8.42204e+0 3.43395e-2
9.340 8.80656e+0 3.70470e-2
9.360 9.18384e+0 5.23707e-2
9.380 9.55249e+0 8.03892e-2
9.400 9.91116e+0 1.20953e-1
9.420 1.02585e+1 1.73687e-1
9.440 1.05934e+1 2.38003e-1
9.460 1.09145e+1 3.13110e-1
9.480 1.12209e+1 3.98030e-1
9.500 1.15114e+1 4.91620e-1
9.520 1.17852e+1 5.92598e-1
9.540 1.20413e+1 6.99562e-1
9.560 1.22790e+1 8.11021e-1
9.580 1.24977e+1 9.25424e-1
9.600 1.26967e+1 1.04119e+0
9.620 1.28756e+1 1.15673e+0
9.640 1.30339e+1 1.27047e+0
9.660 1.31714e+1 1.38092e+0
9.680 1.32878e+1 1.48664e+0
9.700 1.33832e+1 1.58629e+0
9.720 1.34573e+1 1.67866e+0
9.740 1.35103e+1 1.76267e+0
9.760 1.35424e+1 1.83739e+0
9.780 1.35539e+1 1.90206e+0
9.800 1.35449e+1 1.95609e+0
9.820 1.35160e+1 1.99905e+0
9.840 1.34676e+1 2.03070e+0
9.860 1.34002e+1 2.05095e+0
9.880 1.33145e+1 2.05990e+0
9.900 1.32112e+1 2.05777e+0
9.920 1.30908e+1 2.04496e+0
9.940 1.29542e+1 2.02197e+0
9.960 1.28022e+1 1.98944e+0
9.980 1.26357e+1 1.94809e+0
10.000 1.24555e+1 1.89873e+0
10.020 1.22625e+1 1.84223e+0
10.040 1.20576e+1 1.77949e+0
10.060 1.18418e+1 1.71145e+0
10.080 1.16160e+1 1.63906e+0
10.100 1.13811e+1 1.56324e+0
10.120 1.11382e+1 1.48492e+0
10.140 1.08882e+1 1.40496e+0
10.160 1.06320e+1 1.32418e+0
10.180 1.03706e+1 1.24336e+0
10.200 1.01049e+1 1.16317e+0
10.220 9.83579e+0 1.08426e+0
10.240 9.56415e+0 1.00715e+0
10.260 9.29086e+0 9.32326e-1
10.280 9.01675e+0 8.60161e-1
10.300 8.74262e+0 7.90967e-1
10.320 8.46927e+0 7.24976e-1
10.340 8.19743e+0 6.62351e-1
10.360 7.92782e+0 6.03192e-1
10.380 7.66112e+0 5.47541e-1
10.400 7.39796e+0 4.95389e-1
10.420 7.13897e+0 4.46685e-1
10.440 6.88470e+0 4.01344e-1
10.460 6.63570e+0 3.59256e-1
10.480 6.39247e+0 3.20290e-1
10.500 6.15545e+0 2.84305e-1
10.520 5.92508e+0 2.51155e-1
10.540 5.70174e+0 2.20695e-1
10.560 5.48578e+0 1.92786e-1
10.580 5.27752e+0 1.67299e-1
10.600 5.07724e+0 1.44118e-1
10.620 4.88517e+0 1.23143e-1
10.640 4.70154e+0 1.04290e-1
10.660 4.52653e+0 8.74909e-2
10.680 4.36027e+0 7.26953e-2
10.700 4.20288e+0 5.98659e-2
10.720 4.05446e+0 4.89783e-2
10.740 3.91504e+0 4.00182e-2
10.760 3.78466e+0 3.29782e-2
10.780 3.66332e+0 2.78550e-2
10.800 3.55099e+0 2.46454e-2
10.820 3.44761e+0 2.33438e-2
10.840 3.35311e+0 2.39387e-2
10.860 3.26737e+0 2.64099e-2
10.880 3.19028e+0 3.07261e-2
10.900 3.12167e+0 3.68429e-2
10.920 3.06138e+0 4.47010e-2
10.940 3.00922e+0 5.42259e-2
10.960 2.96496e+0 6.53267e-2
10.980 2.92837e+0 7.78971e-2
11.000 2.89921e+0 9.18156e-2
11.020 2.87720e+0 1.06947e-1
11.040 2.86206e+0 1.23145e-1
11.060 2.85347e+0 1.40253e-1
11.080 2.85114e+0 1.58108e-1
11.100 2.85471e+0 1.76540e-1
11.120 2.86386e+0 1.95382e-1
11.140 2.87822e+0 2.14465e-1
11.160 2.89742e+0 2.33625e-1
11.180 2.92109e+0 2.52707e-1
11.200 2.94884e+0 2.71564e-1
11.220 2.98029e+0 2.90060e-1
11.240 3.01503e+0 3.08076e-1
11.260 3.05266e+0 3.25506e-1
11.280 3.09277e+0 3.42258e-1
11.300 3.13497e+0 3.58261e-1
11.320 3.17883e+0 3.73458e-1
11.340 3.22396e+0 3.87807e-1
11.360 3.26996e+0 4.01282e-1
11.380 3.31642e+0 4.13872e-1
11.400 3.36295e+0 4.25576e-1
11.420 3.40917e+0 4.36401e-1
11.440 3.45470e+0 4.46366e-1
11.460 3.49917e+0 4.55492e-1
11.480 3.54224e+0 4.63801e-1
11.500 3.58356e+0 4.71319e-1
11.520 3.62281e+0 4.78066e-1
11.540 3.65968e+0 4.84059e-1
11.560 3.69388e+0 4.89310e-1
11.580 3.72514e+0 4.93820e-1
11.600 3.75319e+0 4.97582e-1
11.620 3.77783e+0 5.00582e-1
11.640 3.79882e+0 5.02791e-1
11.660 3.81599e+0 5.04173e-1
11.680 3.82917e+0 5.04682e-1
11.700 3.83822e+0 5.04265e-1
11.720 3.84302e+0 5.02860e-1
11.740 3.84349e+0 5.00404e-1
11.760 3.83954e+0 4.96828e-1
11.780 3.83114e+0 4.92065e-1
11.800 3.81827e+0 4.86053e-1
11.820 3.80092e+0 4.78733e-1
11.840 3.77914e+0 4.70057e-1
11.860 3.75296e+0 4.59987e-1
11.880 3.72246e+0 4.48502e-1
11.900 3.68774e+0 4.35595e-1
11.920 3.64889e+0 4.21280e-1
11.940 3.60607e+0 4.05591e-1
11.960 3.55940e+0 3.88586e-1
11.980 3.50907e+0 3.70343e-1
12.000 3.45526e+0 3.50964e-1
12.020 3.39815e+0 3.30576e-1
12.040 3.33796e+0 3.09326e-1
12.060 3.27490e+0 2.87381e-1
12.080 3.20920e+0 2.64928e-1
12.100 3.14110e+0 2.42169e-1
12.120 3.07084e+0 2.19319e-1
12.140 2.99866e+0 1.96603e-1
12.160 2.92481e+0 1.74253e-1
12.180 2.84955e+0 1.52500e-1
12.200 2.77312e+0 1.31575e-1
12.220 2.69577e+0 1.11702e-1
12.240 2.61775e+0 9.30951e-2
12.260 2.53930e+0 7.59521e-2
12.280 2.46065e+0 6.04539e-2
12.300 2.38204e+0 4.67590e-2
12.320 2.30368e+0 3.50008e-2
12.340 2.22580e+0 2.52850e-2
12.360 2.14858e+0 1.76876e-2
12.380 2.07224e+0 1.22531e-2
12.400 1.99694e+0 8.99353e-3
12.420 1.92287e+0 7.88849e-3
12.440 1.85017e+0 8.88507e-3
12.460 1.77901e+0 1.18990e-2
12.480 1.70951e+0 1.68161e-2
12.500 1.64179e+0 2.34945e-2
12.520 1.57597e+0 3.17674e-2
12.540 1.51215e+0 4.14460e-2
12.560 1.45041e+0 5.23230e-2
12.580 1.39082e+0 6.41766e-2
12.600 1.33344e+0 7.67747e-2
12.620 1.27832e+0 8.98787e-2
12.640 1.22551e+0 1.03248e-1
12.660 1.17503e+0 1.16645e-1
12.680 1.12690e+0 1.29837e-1
12.700 1.08113e+0 1.42602e-1
12.720 1.03772e+0 1.54734e-1
12.740 9.96650e-1 1.66041e-1
12.760 9.57917e-1 1.76353e-1
12.780 9.21496e-1 1.85522e-1
12.800 8.87356e-1 1.93425e-1
12.820 8.55462e-1 1.99962e-1
12.840 8.25775e-1 2.05062e-1
12.860 7.98251e-1 2.08681e-1
12.880 7.72841e-1 2.10800e-1
12.900 7.49495e-1 2.11427e-1
12.920 7.28160e-1 2.10592e-1
12.940 7.08780e-1 2.08351e-1
12.960 6.91299e-1 2.04779e-1
12.980 6.75658e-1 1.99970e-1
13.000 6.61800e-1 1.94033e-1
13.020 6.49666e-1 1.87092e-1
13.040 6.39200e-1 1.79280e-1
13.060 6.30344e-1 1.70735e-1
13.080 6.23042e-1 1.61604e-1
13.100 6.17239e-1 1.52032e-1
13.120 6.12884e-1 1.42162e-1
13.140 6.09926e-1 1.32137e-1
13.160 6.08315e-1 1.22091e-1
13.180 6.08005e-1 1.12152e-1
13.200 6.08951e-1 1.02435e-1
13.220 6.11112e-1 9.30480e-2
13.240 6.14448e-1 8.40851e-2
13.260 6.18923e-1 7.56279e-2
13.280 6.24501e-1 6.77454e-2
13.300 6.31150e-1 6.04935e-2
13.320 6.38842e-1 5.39156e-2
13.340 6.47547e-1 4.80429e-2
13.360 6.57242e-1 4.28954e-2
13.380 6.67902e-1 3.84826e-2
13.400 6.79505e-1 3.48050e-2
13.420 6.92033e-1 3.18548e-2
13.440 7.05466e-1 2.96177e-2
13.460 7.19787e-1 2.80736e-2
13.480 7.34980e-1 2.71983e-2
13.500 7.51029e-1 2.69643e-2
13.520 7.67919e-1 2.73422e-2
13.540 7.85636e-1 2.83013e-2
13.560 8.04163e-1 2.98106e-2
13.580 8.23487e-1 3.18392e-2
13.600 8.43591e-1 3.43569e-2
13.620 8.64457e-1 3.73345e-2
13.640 8.86069e-1 4.07436e-2
13.660 9.08405e-1 4.45565e-2
13.680 9.31444e-1 4.87465e-2
13.700 9.55164e-1 5.32867e-2
13.720 9.79537e-1 5.81502e-2
13.740 1.00454e+0 6.33090e-2
13.760 1.03013e+0 6.87340e-2
13.780 1.05628e+0 7.43938e-2
13.800 1.08296e+0 8.02546e-2
13.820 1.11011e+0 8.62793e-2
13.840 1.13771e+0 9.24274e-2
13.860 1.16569e+0 9.86543e-2
13.880 1.19401e+0 1.04911e-1
13.900 1.22262e+0 1.11146e-1
13.920 1.25145e+0 1.17302e-1
13.940 1.28045e+0 1.23318e-1
13.960 1.30954e+0 1.29131e-1
13.980 1.33866e+0 1.34675e-1
14.000 1.36774e+0 1.39882e-1
14.020 1.39671e+0 1.44683e-1
14.040 1.42548e+0 1.49012e-1
14.060 1.45398e+0 1.52801e-1
14.080 1.48212e+0 1.55986e-1
14.100 1.50982e+0 1.58510e-1
14.120 1.53699e+0 1.60317e-1
14.140 1.56356e+0 1.61363e-1
14.160 1.58943e+0 1.61607e-1
14.180 1.61452e+0 1.61021e-1
14.200 1.63874e+0 1.59587e-1
14.220 1.66201e+0 1.57296e-1
14.240 1.68424e+0 1.54154e-1
14.260 1.70535e+0 1.50176e-1
14.280 1.72526e+0 1.45392e-1
14.300 1.74389e+0 1.39843e-1
14.320 1.76118e+0 1.33584e-1
14.340 1.77704e+0 1.26680e-1
14.360 1.79143e+0 1.19206e-1
14.380 1.80426e+0 1.11250e-1
14.400 1.81550e+0 1.02905e-1
14.420 1.82508e+0 9.42740e-2
14.440 1.83297e+0 8.54629e-2
14.460 1.83913e+0 7.65830e-2
14.480 1.84351e+0 6.77468e-2
14.500 1.84610e+0 5.90669e-2
14.520 1.84688e+0 5.06538e-2
14.540 1.84583e+0 4.26141e-2
14.560 1.84294e+0 3.50485e-2
14.580 1.83822e+0 2.80503e-2
14.600 1.83168e+0 2.17036e-2
14.620 1.82333e+0 1.60819e-2
14.640 1.81318e+0 1.12469e-2
14.660 1.80127e+0 7.24737e-3
14.680 1.78762e+0 4.11872e-3
14.700 1.77229e+0 1.88212e-3
14.720 1.75530e+0 5.44538e-4
14.740 1.73672e+0 9.87116e-5
14.760 1.71659e+0 5.23500e-4
14.780 1.69497e+0 1.78448e-3
14.800 1.67194e+0 3.83478e-3
14.820 1.64755e+0 6.61618e-3
14.840 1.62187e+0 1.00603e-2
14.860 1.59499e+0 1.40902e-2
14.880 1.56697e+0 1.86217e-2
14.900 1.53790e+0 2.35654e-2
14.920 1.50785e+0 2.88279e-2
14.940 1.47690e+0 3.43144e-2
14.960 1.44514e+0 3.99294e-2
14.980 1.41265e+0 4.55793e-2
15.000 1.37951e+0 5.11737e-2
15.020 1.34580e+0 5.66266e-2
15.040 1.31160e+0 6.18583e-2
15.060 1.27698e+0 6.67963e-2
15.080 1.24204e+0 7.13762e-2
15.100 1.20683e+0 7.55428e-2
15.120 1.17144e+0 7.92504e-2
15.140 1.13594e+0 8.24635e-2
15.160 1.10039e+0 8.51564e-2
15.180 1.06486e+0 8.73138e-2
15.200 1.02941e+0 8.89300e-2
15.220 9.94101e-1 9.00086e-2
15.240 9.58990e-1 9.05620e-2
15.260 9.24128e-1 9.06104e-2
15.280 8.89565e-1 9.01810e-2
15.300 8.55348e-1 8.93072e-2
15.320 8.21520e-1 8.80269e-2
15.340 7.88120e-1 8.63822e-2
15.360 7.55185e-1 8.44177e-2
15.380 7.22748e-1 8.21796e-2
15.400 6.90840e-1 7.97145e-2
15.420 6.59489e-1 7.70686e-2
15.440 6.28720e-1 7.42866e-2
15.460 5.98555e-1 7.14110e-2
15.480 5.69014e-1 6.84814e-2
15.500 5.40115e-1 6.55338e-2
15.520 5.11874e-1 6.26003e-2
15.540 4.84304e-1 5.97090e-2
15.560 4.57419e-1 5.68832e-2
15.580 4.31229e-1 5.41421e-2
15.600 4.05744e-1 5.15007e-2
15.620 3.80972e-1 4.89697e-2
15.640 3.56922e-1 4.65562e-2
15.660 3.33600e-1 4.42639e-2
15.680 3.11014e-1 4.20938e-2
15.700 2.89170e-1 4.00442e-2
15.720 2.68075e-1 3.81119e-2
15.740 2.47734e-1 3.62922e-2
15.760 2.28155e-1 3.45798e-2
15.780 2.09345e-1 3.29691e-2
15.800 1.91311e-1 3.14546e-2
15.820 1.74061e-1 3.00315e-2
15.840 1.57604e-1 2.86961e-2
15.860 1.41949e-1 2.74455e-2
15.880 1.27106e-1 2.62784e-2
15.900 1.13086e-1 2.51949e-2
15.920 9.99001e-2 2.41963e-2
15.940 8.75604e-2 2.32854e-2
15.960 7.60795e-2 2.24661e-2
15.980 6.54706e-2 2.17429e-2
16.000 5.57474e-2 2.11211e-2
16.020 4.69235e-2 2.06062e-2
16.040 3.90131e-2 2.02033e-2
16.060 3.20299e-2 1.99170e-2
16.080 2.59878e-2 1.97509e-2
16.100 2.08998e-2 1.97073e-2
16.120 1.67785e-2 1.97866e-2
16.140 1.36354e-2 1.99871e-2
16.160 1.14809e-2 2.03048e-2
16.180 1.03237e-2 2.07331e-2
16.200 1.01710e-2 2.12629e-2
16.220 1.10278e-2 2.18823e-2
16.240 1.28968e-2 2.25768e-2
16.260 1.57780e-2 2.33294e-2
16.280 1.96687e-2 2.41209e-2
16.300 2.45628e-2 2.49301e-2
16.320 3.04510e-2 2.57343e-2
16.340 3.73203e-2 2.65098e-2
16.360 4.51537e-2 2.72325e-2
16.380 5.39304e-2 2.78779e-2
16.400 6.36252e-2 2.84227e-2
16.420 7.42087e-2 2.88444e-2
16.440 8.56472e-2 2.91227e-2
16.460 9.79024e-2 2.92395e-2
16.480 1.10932e-1 2.91797e-2
16.500 1.24688e-1 2.89320e-2
16.520 1.39119e-1 2.84887e-2
16.540 1.54171e-1 2.78467e-2
16.560 1.69783e-1 2.70070e-2
16.580 1.85893e-1 2.59757e-2
16.600 2.02434e-1 2.47635e-2
16.620 2.19335e-1 2.33858e-2
16.640 2.36526e-1 2.18624e-2
16.660 2.53930e-1 2.02175e-2
16.680 2.71472e-1 1.84789e-2
16.700 2.89074e-1 1.66779e-2
16.720 3.06658e-1 1.48483e-2
16.740 3.24145e-1 1.30262e-2
16.760 3.41456e-1 1.12490e-2
16.780 3.58516e-1 9.55440e-3
16.800 3.75249e-1 7.98016e-3
16.820 3.91581e-1 6.56281e-3
16.840 4.07444e-1 5.33705e-3
16.860 4.22771e-1 4.33490e-3
16.880 4.37501e-1 3.58500e-3
16.900 4.51577e-1 3.11188e-3
16.920 4.64947e-1 2.93541e-3
16.940 4.77567e-1 3.07027e-3
16.960 4.89397e-1 3.52554e-3
16.980 5.00407e-1 4.30442e-3
17.000 5.10573e-1 5.40404e-3
17.020 5.19877e-1 6.81544e-3
17.040 5.28312e-1 8.52364e-3
17.060 5.35879e-1 1.05079e-2
17.080 5.42585e-1 1.27418e-2
17.100 5.48447e-1 1.51942e-2
17.120 5.53492e-1 1.78292e-2
17.140 5.57753e-1 2.06073e-2
17.160 5.61271e-1 2.34857e-2
17.180 5.64098e-1 2.64193e-2
17.200 5.66290e-1 2.93617e-2
17.220 5.67913e-1 3.22655e-2
17.240 5.69038e-1 3.50841e-2
17.260 5.69741e-1 3.77716e-2
17.280 5.70107e-1 4.02842e-2
17.300 5.70222e-1 4.25809e-2
17.320 5.70179e-1 4.46244e-2
17.340 5.70072e-1 4.63814e-2
17.360 5.69999e-1 4.78233e-2
17.380 5.70058e-1 4.89271e-2
17.400 5.70348e-1 4.96753e-2
17.420 5.70969e-1 5.00562e-2
17.440 5.72019e-1 5.00645e-2
17.460 5.73592e-1 4.97008e-2
17.480 5.75782e-1 4.89717e-2
17.500 5.78677e-1 4.78899e-2
17.520 5.82361e-1 4.64734e-2
17.540 5.86913e-1 4.47455e-2
17.560 5.92404e-1 4.27343e-2
17.580 5.98899e-1 4.04717e-2
17.600 6.06455e-1 3.79933e-2
17.620 6.15122e-1 3.53375e-2
17.640 6.24939e-1 3.25449e-2
17.660 6.35938e-1 2.96573e-2
17.680 6.48140e-1 2.67172e-2
17.700 6.61556e-1 2.37673e-2
17.720 6.76189e-1 2.08493e-2
17.740 6.92031e-1 1.80035e-2
17.760 7.09064e-1 1.52682e-2
17.780 7.27259e-1 1.26792e-2
17.800 7.46579e-1 1.02693e-2
17.820 7.66977e-1 8.06763e-3
17.840 7.88399e-1 6.09971e-3
17.860 8.10779e-1 4.38697e-3
17.880 8.34046e-1 2.94662e-3
17.900 8.58119e-1 1.79159e-3
17.920 8.82914e-1 9.30545e-4
17.940 9.08338e-1 3.67897e-4
17.960 9.34294e-1 1.03994e-4
17.980 9.60680e-1 1.35307e-4
18.000 9.87392e-1 4.54685e-4
18.020 1.01432e+0 1.05167e-3
18.040 1.04136e+0 1.91281e-3
18.060 1.06839e+0 3.02207e-3
18.080 1.09531e+0 4.36119e-3
18.100 1.12200e+0 5.91007e-3
18.120 1.14837e+0 7.64719e-3
18.140 1.17429e+0 9.54998e-3
18.160 1.19968e+0 1.15952e-2
18.180 1.22442e+0 1.37592e-2
18.200 1.24843e+0 1.60185e-2
18.220 1.27162e+0 1.83496e-2
18.240 1.29390e+0 2.07299e-2
18.260 1.31520e+0 2.31371e-2
18.280 1.33544e+0 2.55503e-2
18.300 1.35456e+0 2.79491e-2
18.320 1.37251e+0 3.03147e-2
18.340 1.38924e+0 3.26293e-2
18.360 1.40471e+0 3.48764e-2
18.380 1.41887e+0 3.70407e-2
18.400 1.43172e+0 3.91082e-2
18.420 1.44322e+0 4.10661e-2
18.440 1.45338e+0 4.29028e-2
18.460 1.46218e+0 4.46078e-2
18.480 1.46964e+0 4.61716e-2
18.500 1.47576e+0 4.75857e-2
18.520 1.48056e+0 4.88427e-2
18.540 1.48406e+0 4.99360e-2
18.560 1.48630e+0 5.08598e-2
18.580 1.48730e+0 5.16093e-2
18.600 1.48711e+0 5.21805e-2
18.620 1.48577e+0 5.25701e-2
18.640 1.48333e+0 5.27760e-2
18.660 1.47983e+0 5.27966e-2
18.680 1.47533e+0 5.26316e-2
18.700 1.46987e+0 5.22815e-2
18.720 1.46352e+0 5.17478e-2
18.740 1.45634e+0 5.10333e-2
18.760 1.44836e+0 5.01417e-2
18.780 1.43966e+0 4.90782e-2
18.800 1.43028e+0 4.78492e-2
18.820 1.42028e+0 4.64621e-2
18.840 1.40971e+0 4.49260e-2
18.860 1.39862e+0 4.32511e-2
18.880 1.38706e+0 4.14489e-2
18.900 1.37506e+0 3.95321e-2
18.920 1.36268e+0 3.75147e-2
18.940 1.34994e+0 3.54117e-2
18.960 1.33689e+0 3.32390e-2
18.980 1.32355e+0 3.10134e-2
19.000 1.30996e+0 2.87524e-2
19.020 1.29612e+0 2.64739e-2
19.040 1.28208e+0 2.41961e-2
19.060 1.26783e+0 2.19374e-2
19.080 1.25340e+0 1.97158e-2
19.100 1.23879e+0 1.75492e-2
19.120 1.22401e+0 1.54547e-2
19.140 1.20906e+0 1.34487e-2
19.160 1.19394e+0 1.15466e-2
19.180 1.17864e+0 9.76244e-3
19.200 1.16317e+0 8.10891e-3
19.220 1.14751e+0 6.59711e-3
19.240 1.13164e+0 5.23644e-3
19.260 1.11557e+0 4.03446e-3
19.280 1.09927e+0 2.99677e-3
19.300 1.08273e+0 2.12705e-3
19.320 1.06594e+0 1.42694e-3
19.340 1.04888e+0 8.96133e-4
19.360 1.03152e+0 5.32344e-4
19.380 1.01387e+0 3.31436e-4
19.400 9.95893e-1 2.87495e-4
19.420 9.77585e-1 3.92963e-4
19.440 9.58929e-1 6.38786e-4
19.460 9.39915e-1 1.01459e-3
19.480 9.20531e-1 1.50885e-3
19.500 9.00768e-1 2.10911e-3
19.520 8.80622e-1 2.80219e-3
19.540 8.60089e-1 3.57435e-3
19.560 8.39166e-1 4.41157e-3
19.580 8.17857e-1 5.29970e-3
19.600 7.96166e-1 6.22467e-3
19.620 7.74102e-1 7.17269e-3
19.640 7.51675e-1 8.13041e-3
19.660 7.28902e-1 9.08508e-3
19.680 7.05799e-1 1.00247e-2
19.700 6.82390e-1 1.09380e-2
19.720 6.58699e-1 1.18148e-2
19.740 6.34756e-1 1.26458e-2
19.760 6.10594e-1 1.34229e-2
19.780 5.86248e-1 1.41390e-2
19.800 5.61758e-1 1.47879e-2
19.820 5.37167e-1 1.53649e-2
19.840 5.12520e-1 1.58661e-2
19.860 4.87867e-1 1.62886e-2
19.880 4.63258e-1 1.66305e-2
19.900 4.38749e-1 1.68910e-2
19.920 4.14396e-1 1.70699e-2
19.940 3.90256e-1 1.71679e-2
19.960 3.66392e-1 1.71864e-2
19.980 3.42863e-1 1.71276e-2
20.000 3.19735e-1 1.69940e-2
20.020 2.97070e-1 1.67889e-2
20.040 2.74933e-1 1.65159e-2
20.060 2.53388e-1 1.61790e-2
20.080 2.32500e-1 1.57827e-2
20.100 2.12333e-1 1.53318e-2
20.120 1.92950e-1 1.48313e-2
20.140 1.74412e-1 1.42869e-2
20.160 1.56779e-1 1.37039e-2
20.180 1.40108e-1 1.30886e-2
20.200 1.24454e-1 1.24469e-2
20.220 1.09871e-1 1.17853e-2
20.240 9.64071e-2 1.11104e-2
20.260 8.41075e-2 1.04291e-2
20.280 7.30141e-2 9.74838e-3
20.300 6.31642e-2 9.07533e-3
20.320 5.45908e-2 8.41722e-3
20.340 4.73219e-2 7.78136e-3
20.360 4.13805e-2 7.17504e-3
20.380 3.67844e-2 6.60550e-3
20.400 3.35458e-2 6.07986e-3
20.420 3.16714e-2 5.60498e-3
20.440 3.11621e-2 5.18744e-3
20.460 3.20129e-2 4.83337e-3
20.480 3.42128e-2 4.54841e-3
20.500 3.77449e-2 4.33756e-3
20.520 4.25863e-2 4.20510e-3
20.540 4.87082e-2 4.15445e-3
20.560 5.60759e-2 4.18811e-3
20.580 6.46491e-2 4.30755e-3
20.600 7.43817e-2 4.51311e-3
20.620 8.52224e-2 4.80397e-3
20.640 9.71146e-2 5.17808e-3
20.660 1.09997e-1 5.63211e-3
20.680 1.23803e-1 6.16145e-3
20.700 1.38463e-1 6.76025e-3
20.720 1.53902e-1 7.42140e-3
20.740 1.70043e-1 8.13663e-3
20.760 1.86804e-1 8.89659e-3
20.780 2.04101e-1 9.69092e-3
20.800 2.21849e-1 1.05084e-2
20.820 2.39960e-1 1.13372e-2
20.840 2.58344e-1 1.21648e-2
20.860 2.76912e-1 1.29785e-2
20.880 2.95573e-1 1.37654e-2
20.900 3.14237e-1 1.45125e-2
20.920 3.32814e-1 1.52075e-2
20.940 3.51217e-1 1.58382e-2
20.960 3.69358e-1 1.63934e-2
20.980 3.87154e-1 1.68627e-2
21.000 4.04523e-1 1.72369e-2
21.020 4.21387e-1 1.75081e-2
21.040 4.37670e-1 1.76699e-2
21.060 4.53303e-1 1.77175e-2
21.080 4.68218e-1 1.76480e-2
21.100 4.82355e-1 1.74601e-2
21.120 4.95658e-1 1.71545e-2
21.140 5.08077e-1 1.67339e-2
21.160 5.19566e-1 1.62028e-2
21.180 5.30088e-1 1.55674e-2
21.200 5.39611e-1 1.48359e-2
21.220 5.48108e-1 1.40180e-2
21.240 5.55562e-1 1.31248e-2
21.260 5.61961e-1 1.21691e-2
21.280 5.67300e-1 1.11643e-2
21.300 5.71580e-1 1.01251e-2
21.320 5.74810e-1 9.06664e-3
21.340 5.77007e-1 8.00447e-3
21.360 5.78191e-1 6.95431e-3
21.380 5.78393e-1 5.93176e-3
21.400 5.77647e-1 4.95199e-3
21.420 5.75995e-1 4.02951e-3
21.440 5.73483e-1 3.17796e-3
21.460 5.70164e-1 2.40982e-3
21.480 5.66096e-1 1.73624e-3
21.500 5.61341e-1 1.16686e-3
21.520 5.55966e-1 7.09605e-4
21.540 5.50042e-1 3.70629e-4
21.560 5.43641e-1 1.54171e-4
21.580 5.36842e-1 6.25136e-5
21.600 5.29722e-1 9.59587e-5
21.620 5.22363e-1 2.52837e-4
21.640 5.14846e-1 5.29553e-4
21.660 5.07254e-1 9.20665e-4
21.680 4.99670e-1 1.41899e-3
21.700 4.92174e-1 2.01576e-3
21.720 4.84849e-1 2.70076e-3
21.740 4.77771e-1 3.46253e-3
21.760 4.71019e-1 4.28855e-3
21.780 4.64665e-1 5.16552e-3
21.800 4.58779e-1 6.07949e-3
21.820 4.53427e-1 7.01618e-3
21.840 4.48671e-1 7.96118e-3
21.860 4.44566e-1 8.90018e-3
21.880 4.41164e-1 9.81921e-3
21.900 4.38510e-1 1.07048e-2
21.920 4.36641e-1 1.15443e-2
21.940 4.35591e-1 1.23260e-2
21.960 4.35385e-1 1.30391e-2
21.980 4.36040e-1 1.36742e-2
22.000 4.37567e-1 1.42233e-2
22.020 4.39970e-1 1.46795e-2
22.040 4.43246e-1 1.50377e-2
22.060 4.47381e-1 1.52942e-2
22.080 4.52358e-1 1.54470e-2
22.100 4.58149e-1 1.54952e-2
22.120 4.64722e-1 1.54399e-2
22.140 4.72035e-1 1.52833e-2
22.160 4.80042e-1 1.50289e-2
22.180 4.88689e-1 1.46817e-2
22.200 4.97915e-1 1.42477e-2
22.220 5.07656e-1 1.37337e-2
22.240 5.17841e-1 1.31478e-2
22.260 5.28395e-1 1.24984e-2
22.280 5.39238e-1 1.17948e-2
22.300 5.50287e-1 1.10465e-2
22.320 5.61458e-1 1.02635e-2
22.340 5.72661e-1 9.45571e-3
22.360 5.83808e-1 8.63330e-3
22.380 5.94809e-1 7.80618e-3
22.400 6.05571e-1 6.98402e-3
22.420 6.16006e-1 6.17619e-3
22.440 6.26025e-1 5.39156e-3
22.460 6.35540e-1 4.63849e-3
22.480 6.44468e-1 3.92471e-3
22.500 6.52727e-1 3.25727e-3
22.520 6.60239e-1 2.64247e-3
22.540 6.66933e-1 2.08585e-3
22.560 6.72741e-1 1.59213e-3
22.580 6.77600e-1 1.16521e-3
22.600 6.81455e-1 8.08133e-4
22.620 6.84256e-1 5.23115e-4
22.640 6.85962e-1 3.11527e-4
22.660 6.86537e-1 1.73922e-4
22.680 6.85954e-1 1.10046e-4
22.700 6.84193e-1 1.18872e-4
22.720 6.81244e-1 1.98622e-4
22.740 6.77102e-1 3.46807e-4
22.760 6.71773e-1 5.60266e-4
22.780 6.65269e-1 8.35205e-4
22.800 6.57611e-1 1.16724e-3
22.820 6.48829e-1 1.55146e-3
22.840 6.38959e-1 1.98244e-3
22.860 6.28043e-1 2.45436e-3
22.880 6.16135e-1 2.96099e-3
22.900 6.03290e-1 3.49579e-3
22.920 5.89573e-1 4.05196e-3
22.940 5.75053e-1 4.62251e-3
22.960 5.59804e-1 5.20031e-3
22.980 5.43907e-1 5.77819e-3
23.000 5.27444e-1 6.34897e-3
23.020 5.10502e-1 6.90557e-3
23.040 4.93170e-1 7.44104e-3
23.060 4.75541e-1 7.94869e-3
23.080 4.57707e-1 8.42213e-3
23.100 4.39762e-1 8.85533e-3
23.120 4.21800e-1 9.24274e-3
23.140 4.03915e-1 9.57931e-3
23.160 3.86198e-1 9.86061e-3
23.180 3.68741e-1 1.00828e-2
23.200 3.51630e-1 1.02429e-2
23.220 3.34952e-1 1.03385e-2
23.240 3.18787e-1 1.03680e-2
23.260 3.03214e-1 1.03309e-2
23.280 2.88304e-1 1.02272e-2
23.300 2.74127e-1 1.00581e-2
23.320 2.60745e-1 9.82530e-3
23.340 2.48215e-1 9.53170e-3
23.360 2.36589e-1 9.18086e-3
23.380 2.25912e-1 8.77717e-3
23.400 2.16224e-1 8.32576e-3
23.420 2.07558e-1 7.83245e-3
23.440 1.99939e-1 7.30368e-3
23.460 1.93388e-1 6.74640e-3
23.480 1.87920e-1 6.16801e-3
23.500 1.83541e-1 5.57623e-3
23.520 1.80254e-1 4.97903e-3
23.540 1.78053e-1 4.38447e-3
23.560 1.76930e-1 3.80061e-3
23.580 1.76867e-1 3.23541e-3
23.600 1.77846e-1 2.69656e-3
23.620 1.79840e-1 2.19141e-3
23.640 1.82819e-1 1.72688e-3
23.660 1.86749e-1 1.30929e-3
23.680 1.91592e-1 9.44314e-4
23.700 1.97307e-1 6.36900e-4
23.720 2.03850e-1 3.91177e-4
23.740 2.11173e-1 2.10406e-4
23.760 2.19228e-1 9.69373e-5
23.780 2.27963e-1 5.21810e-5
23.800 2.37325e-1 7.65920e-5
23.820 2.47262e-1 1.69673e-4
23.840 2.57718e-1 3.29991e-4
23.860 2.68639e-1 5.55212e-4
23.880 2.79970e-1 8.42147e-4
23.900 2.91655e-1 1.18681e-3
23.920 3.03641e-1 1.58450e-3
23.940 3.15873e-1 2.02986e-3
23.960 3.28298e-1 2.51699e-3
23.980 3.40865e-1 3.03957e-3
24.000 3.53523e-1 3.59089e-3
24.020 3.66222e-1 4.16403e-3
24.040 3.78914e-1 4.75193e-3
24.060 3.91553e-1 5.34751e-3
24.080 4.04094e-1 5.94376e-3
24.100 4.16493e-1 6.53387e-3
24.120 4.28710e-1 7.11129e-3
24.140 4.40703e-1 7.66982e-3
24.160 4.52436e-1 8.20371e-3
24.180 4.63870e-1 8.70768e-3
24.200 4.74971e-1 9.17703e-3
24.220 4.85706e-1 9.60764e-3
24.240 4.96042e-1 9.99599e-3
24.260 5.05948e-1 1.03392e-2
24.280 5.15396e-1 1.06352e-2
24.300 5.24358e-1 1.08822e-2
24.320 5.32806e-1 1.10794e-2
24.340 5.40716e-1 1.12263e-2
24.360 5.48063e-1 1.13232e-2
24.380 5.54824e-1 1.13709e-2
24.400 5.60979e-1 1.13704e-2
24.420 5.66506e-1 1.13235e-2
24.440 5.71385e-1 1.12321e-2
24.460 5.75600e-1 1.10986e-2
24.480 5.79133e-1 1.09254e-2
24.500 5.81968e-1 1.07153e-2
24.520 5.84091e-1 1.04713e-2
24.540 5.85490e-1 1.01963e-2
24.560 5.86153e-1 9.89331e-3
24.580 5.86070e-1 9.56546e-3
24.600 5.85234e-1 9.21575e-3
24.620 5.83639e-1 8.84716e-3
24.640 5.81279e-1 8.46259e-3
24.660 5.78152e-1 8.06484e-3
24.680 5.74259e-1 7.65662e-3
24.700 5.69602e-1 7.24051e-3
24.720 5.64183e-1 6.81898e-3
24.740 5.58011e-1 6.39442e-3
24.760 5.51095e-1 5.96907e-3
24.780 5.43445e-1 5.54510e-3
24.800 5.35077e-1 5.12459e-3
24.820 5.26007e-1 4.70953e-3
24.840 5.16256e-1 4.30186e-3
24.860 5.05845e-1 3.90342e-3
24.880 4.94801e-1 3.51604e-3
24.900 4.83151e-1 3.14147e-3
24.920 4.70926e-1 2.78142e-3
24.940 4.58159e-1 2.43752e-3
24.960 4.44886e-1 2.11139e-3
24.980 4.31145e-1 1.80452e-3
25.000 4.16978e-1 1.51834e-3
