u x r1 r2
9.2103 1.0000e+4 8.89780e+0 -2.12609e+4
9.2184 1.0081e+4 1.07536e+1 -2.10361e+4
9.2265 1.0163e+4 7.83938e+0 -2.08136e+4
9.2346 1.0246e+4 1.04804e+1 -2.05934e+4
9.2427 1.0329e+4 1.44095e+1 -2.03754e+4
9.2508 1.0413e+4 1.13462e+1 -2.01596e+4
9.2590 1.0498e+4 1.01901e+1 -1.99460e+4
9.2671 1.0584e+4 9.35001e+0 -1.97346e+4
9.2752 1.0670e+4 6.68199e+0 -1.95254e+4
9.2833 1.0756e+4 1.03676e+1 -1.93183e+4
9.2914 1.0844e+4 1.21666e+1 -1.91133e+4
9.2995 1.0932e+4 9.35342e+0 -1.89104e+4
9.3076 1.1021e+4 6.72382e+0 -1.87096e+4
9.3157 1.1111e+4 7.75304e+0 -1.85109e+4
9.3238 1.1201e+4 7.02111e+0 -1.83141e+4
9.3319 1.1292e+4 7.66571e+0 -1.81194e+4
9.3400 1.1384e+4 9.79729e+0 -1.79266e+4
9.3481 1.1477e+4 5.77584e+0 -1.77359e+4
9.3562 1.1570e+4 1.14598e+0 -1.75471e+4
9.3643 1.1664e+4 3.53315e+0 -1.73602e+4
9.3724 1.1759e+4 3.66424e+0 -1.71753e+4
9.3805 1.1855e+4 8.46954e-1 -1.69923e+4
9.3886 1.1951e+4 -6.00218e-1 -1.68111e+4
9.3967 1.2048e+4 -8.17434e-2 -1.66318e+4
9.4048 1.2146e+4 -7.44020e-1 -1.64544e+4
9.4129 1.2245e+4 -4.39673e+0 -1.62788e+4
9.4210 1.2345e+4 -6.30354e+0 -1.61050e+4
9.4291 1.2445e+4 -5.52406e+0 -1.59330e+4
9.4372 1.2546e+4 -3.07625e+0 -1.57628e+4
9.4453 1.2648e+4 -2.73851e+0 -1.55943e+4
9.4534 1.2751e+4 -2.58785e+0 -1.54274e+4
9.4615 1.2855e+4 1.73221e+0 -1.52622e+4
9.4696 1.2960e+4 6.11578e+0 -1.50987e+4
9.4777 1.3065e+4 6.45365e+0 -1.49368e+4
9.4858 1.3171e+4 2.67439e+0 -1.47765e+4
9.4939 1.3278e+4 -1.00713e+0 -1.46180e+4
9.5020 1.3386e+4 -2.68238e+0 -1.44611e+4
9.5101 1.3495e+4 -3.02611e+0 -1.43058e+4
9.5182 1.3605e+4 -3.48628e+0 -1.41522e+4
9.5263 1.3716e+4 -5.79030e+0 -1.40001e+4
9.5344 1.3827e+4 -5.31880e+0 -1.38496e+4
9.5425 1.3940e+4 -3.99865e+0 -1.37006e+4
9.5506 1.4053e+4 -2.72476e+0 -1.35531e+4
9.5587 1.4168e+4 -3.81933e+0 -1.34071e+4
9.5668 1.4283e+4 -1.36131e+0 -1.32626e+4
9.5749 1.4399e+4 -1.74884e-1 -1.31196e+4
9.5830 1.4516e+4 -3.14936e-1 -1.29780e+4
9.5911 1.4634e+4 -5.42164e-2 -1.28378e+4
9.5992 1.4753e+4 1.58771e-1 -1.26991e+4
9.6073 1.4873e+4 6.43824e-1 -1.25618e+4
9.6154 1.4994e+4 3.20724e-1 -1.24259e+4
9.6235 1.5116e+4 -6.55751e-1 -1.22914e+4
9.6316 1.5239e+4 -5.18125e-1 -1.21583e+4
9.6397 1.5363e+4 -2.13628e+0 -1.20266e+4
9.6478 1.5488e+4 -2.47267e+0 -1.18962e+4
9.6559 1.5614e+4 -7.07241e-1 -1.17671e+4
9.6640 1.5741e+4 -5.44872e-1 -1.16393e+4
9.6721 1.5869e+4 -2.57347e+0 -1.15129e+4
9.6802 1.5998e+4 -2.16827e+0 -1.13877e+4
9.6883 1.6128e+4 3.84453e-2 -1.12638e+4
9.6964 1.6260e+4 1.47279e-1 -1.11412e+4
9.7045 1.6392e+4 -7.95323e-1 -1.10198e+4
9.7126 1.6525e+4 1.84399e+0 -1.08997e+4
9.7207 1.6660e+4 2.27953e+0 -1.07807e+4
9.7288 1.6795e+4 7.90342e-2 -1.06630e+4
9.7369 1.6932e+4 -1.31814e-2 -1.05466e+4
9.7450 1.7069e+4 2.51129e+0 -1.04313e+4
9.7531 1.7208e+4 3.31302e+0 -1.03172e+4
9.7613 1.7348e+4 3.12306e+0 -1.02042e+4
9.7694 1.7489e+4 2.36567e+0 -1.00924e+4
9.7775 1.7632e+4 1.22066e+0 -9.98182e+3
9.7856 1.7775e+4 2.21808e+0 -9.87233e+3
9.7937 1.7920e+4 1.80019e+0 -9.76394e+3
9.8018 1.8066e+4 -2.67874e+0 -9.65670e+3
9.8099 1.8212e+4 -2.61741e+0 -9.55060e+3
9.8180 1.8361e+4 -1.25250e+0 -9.44557e+3
9.8261 1.8510e+4 -2.19490e+0 -9.34163e+3
9.8342 1.8661e+4 9.38430e-1 -9.23875e+3
9.8423 1.8812e+4 2.12370e-1 -9.13690e+3
9.8504 1.8965e+4 -4.34756e+0 -9.03613e+3
9.8585 1.9120e+4 -5.68167e+0 -8.93643e+3
9.8666 1.9275e+4 -4.56725e+0 -8.83778e+3
9.8747 1.9432e+4 -3.53773e+0 -8.74012e+3
9.8828 1.9590e+4 -4.21029e+0 -8.64346e+3
9.8909 1.9749e+4 -2.16871e+0 -8.54778e+3
9.8990 1.9910e+4 -8.09412e-1 -8.45303e+3
9.9071 2.0072e+4 -7.68480e-1 -8.35926e+3
9.9152 2.0235e+4 -3.91319e+0 -8.26650e+3
9.9233 2.0400e+4 -6.80100e+0 -8.17473e+3
9.9314 2.0566e+4 -6.49857e+0 -8.08390e+3
9.9395 2.0733e+4 -5.60669e+0 -7.99402e+3
9.9476 2.0902e+4 -3.04565e+0 -7.90504e+3
9.9557 2.1072e+4 -5.17536e+0 -7.81696e+3
9.9638 2.1243e+4 -7.43972e+0 -7.72984e+3
9.9719 2.1416e+4 -4.92854e+0 -7.64361e+3
9.9800 2.1590e+4 -6.60184e+0 -7.55824e+3
9.9881 2.1766e+4 -3.46734e+0 -7.47377e+3
9.9962 2.1943e+4 -1.62272e+0 -7.39011e+3
10.0043 2.2121e+4 -3.75941e+0 -7.30732e+3
10.0124 2.2301e+4 -1.07269e+0 -7.22539e+3
10.0205 2.2483e+4 -2.17126e+0 -7.14428e+3
10.0286 2.2666e+4 1.19273e+0 -7.06400e+3
10.0367 2.2850e+4 1.94481e+0 -6.98450e+3
10.0448 2.3036e+4 3.44943e+0 -6.90581e+3
10.0529 2.3223e+4 2.43194e+0 -6.82792e+3
10.0610 2.3412e+4 2.39969e+0 -6.75086e+3
10.0691 2.3603e+4 6.21739e+0 -6.67455e+3
10.0772 2.3795e+4 1.91391e+0 -6.59903e+3
10.0853 2.3988e+4 7.49915e+0 -6.52430e+3
10.0934 2.4183e+4 7.53668e+0 -6.45027e+3
10.1015 2.4380e+4 1.05124e+1 -6.37700e+3
10.1096 2.4578e+4 1.39540e+1 -6.30443e+3
10.1177 2.4778e+4 1.50570e+1 -6.23257e+3
10.1258 2.4980e+4 1.73658e+1 -6.16144e+3
10.1339 2.5183e+4 2.14799e+1 -6.09098e+3
10.1420 2.5388e+4 2.40059e+1 -6.02120e+3
10.1501 2.5594e+4 2.44607e+1 -5.95211e+3
10.1582 2.5803e+4 2.83295e+1 -5.88371e+3
10.1663 2.6013e+4 2.53035e+1 -5.81600e+3
10.1744 2.6224e+4 2.84223e+1 -5.74899e+3
10.1825 2.6437e+4 3.18654e+1 -5.68263e+3
10.1906 2.6653e+4 3.14616e+1 -5.61693e+3
10.1987 2.6869e+4 3.01003e+1 -5.55190e+3
10.2068 2.7088e+4 2.75826e+1 -5.48762e+3
10.2149 2.7308e+4 2.79996e+1 -5.42400e+3
10.2230 2.7530e+4 2.79272e+1 -5.36102e+3
10.2311 2.7754e+4 3.11847e+1 -5.29870e+3
10.2392 2.7980e+4 2.82230e+1 -5.23702e+3
10.2473 2.8208e+4 2.54872e+1 -5.17599e+3
10.2555 2.8437e+4 2.86300e+1 -5.11562e+3
10.2636 2.8668e+4 2.95621e+1 -5.05586e+3
10.2717 2.8902e+4 3.19739e+1 -4.99668e+3
10.2798 2.9137e+4 2.87896e+1 -4.93810e+3
10.2879 2.9374e+4 3.03033e+1 -4.88015e+3
10.2960 2.9613e+4 2.97449e+1 -4.82278e+3
10.3041 2.9854e+4 3.26897e+1 -4.76601e+3
10.3122 3.0096e+4 3.09175e+1 -4.70983e+3
10.3203 3.0341e+4 2.93501e+1 -4.65426e+3
10.3284 3.0588e+4 2.79363e+1 -4.59929e+3
10.3365 3.0837e+4 2.50410e+1 -4.54492e+3
10.3446 3.1088e+4 2.44297e+1 -4.49114e+3
10.3527 3.1341e+4 2.25988e+1 -4.43793e+3
10.3608 3.1596e+4 2.68518e+1 -4.38525e+3
10.3689 3.1853e+4 2.61790e+1 -4.33309e+3
10.3770 3.2112e+4 3.06656e+1 -4.28144e+3
10.3851 3.2373e+4 3.14888e+1 -4.23031e+3
10.3932 3.2636e+4 3.09266e+1 -4.17966e+3
10.4013 3.2902e+4 2.97286e+1 -4.12960e+3
10.4094 3.3169e+4 3.21233e+1 -4.08003e+3
10.4175 3.3439e+4 3.31183e+1 -4.03097e+3
10.4256 3.3711e+4 3.24416e+1 -3.98242e+3
10.4337 3.3985e+4 2.99574e+1 -3.93443e+3
10.4418 3.4262e+4 3.21272e+1 -3.88692e+3
10.4499 3.4541e+4 3.00576e+1 -3.83994e+3
10.4580 3.4822e+4 3.03045e+1 -3.79340e+3
10.4661 3.5105e+4 3.17630e+1 -3.74737e+3
10.4742 3.5390e+4 3.21965e+1 -3.70177e+3
10.4823 3.5678e+4 3.41706e+1 -3.65666e+3
10.4904 3.5968e+4 3.15812e+1 -3.61204e+3
10.4985 3.6261e+4 3.41062e+1 -3.56787e+3
10.5066 3.6556e+4 3.55939e+1 -3.52411e+3
10.5147 3.6853e+4 4.13564e+1 -3.48077e+3
10.5228 3.7153e+4 3.86589e+1 -3.43787e+3
10.5309 3.7455e+4 3.82332e+1 -3.39543e+3
10.5390 3.7760e+4 3.58376e+1 -3.35348e+3
10.5471 3.8067e+4 3.19261e+1 -3.31200e+3
10.5552 3.8377e+4 3.42902e+1 -3.27097e+3
10.5633 3.8689e+4 3.71211e+1 -3.23033e+3
10.5714 3.9004e+4 3.94901e+1 -3.19008e+3
10.5795 3.9321e+4 3.86336e+1 -3.15023e+3
10.5876 3.9641e+4 3.49470e+1 -3.11084e+3
10.5957 3.9963e+4 3.93517e+1 -3.07188e+3
10.6038 4.0289e+4 3.31121e+1 -3.03332e+3
10.6119 4.0616e+4 3.16789e+1 -2.99522e+3
10.6200 4.0947e+4 2.65075e+1 -2.95760e+3
10.6281 4.1280e+4 2.85441e+1 -2.92039e+3
10.6362 4.1616e+4 2.53137e+1 -2.88360e+3
10.6443 4.1954e+4 2.97575e+1 -2.84717e+3
10.6524 4.2295e+4 3.45069e+1 -2.81104e+3
10.6605 4.2639e+4 3.49762e+1 -2.77527e+3
10.6686 4.2986e+4 3.86512e+1 -2.73984e+3
10.6767 4.3336e+4 3.98799e+1 -2.70474e+3
10.6848 4.3688e+4 4.12863e+1 -2.66998e+3
10.6929 4.4044e+4 4.45811e+1 -2.63555e+3
10.7010 4.4402e+4 4.94835e+1 -2.60142e+3
10.7091 4.4763e+4 5.28855e+1 -2.56761e+3
10.7172 4.5127e+4 5.13539e+1 -2.53413e+3
10.7253 4.5494e+4 5.31378e+1 -2.50097e+3
10.7334 4.5865e+4 5.94647e+1 -2.46810e+3
10.7415 4.6238e+4 5.79856e+1 -2.43556e+3
10.7497 4.6614e+4 5.45840e+1 -2.40342e+3
10.7578 4.6993e+4 5.59016e+1 -2.37165e+3
10.7659 4.7375e+4 5.43543e+1 -2.34021e+3
10.7740 4.7761e+4 5.38670e+1 -2.30913e+3
10.7821 4.8149e+4 5.42957e+1 -2.27833e+3
10.7902 4.8541e+4 5.35465e+1 -2.24790e+3
10.7983 4.8936e+4 5.60746e+1 -2.21779e+3
10.8064 4.9334e+4 5.49554e+1 -2.18796e+3
10.8145 4.9735e+4 5.36617e+1 -2.15848e+3
10.8226 5.0140e+4 5.18742e+1 -2.12934e+3
10.8307 5.0547e+4 5.15669e+1 -2.10054e+3
10.8388 5.0959e+4 5.58796e+1 -2.07200e+3
10.8469 5.1373e+4 5.83593e+1 -2.04367e+3
10.8550 5.1791e+4 5.91488e+1 -2.01564e+3
10.8631 5.2212e+4 5.75705e+1 -1.98794e+3
10.8712 5.2637e+4 5.92468e+1 -1.96053e+3
10.8793 5.3065e+4 5.62265e+1 -1.93337e+3
10.8874 5.3497e+4 5.73960e+1 -1.90655e+3
10.8955 5.3932e+4 5.62079e+1 -1.87999e+3
10.9036 5.4371e+4 5.83168e+1 -1.85373e+3
10.9117 5.4813e+4 6.07690e+1 -1.82773e+3
10.9198 5.5259e+4 5.46627e+1 -1.80201e+3
10.9279 5.5708e+4 5.93879e+1 -1.77660e+3
10.9360 5.6162e+4 5.67998e+1 -1.75141e+3
10.9441 5.6618e+4 6.31619e+1 -1.72649e+3
10.9522 5.7079e+4 6.54195e+1 -1.70175e+3
10.9603 5.7543e+4 6.54857e+1 -1.67728e+3
10.9684 5.8011e+4 6.77002e+1 -1.65307e+3
10.9765 5.8483e+4 6.77251e+1 -1.62909e+3
10.9846 5.8959e+4 6.44949e+1 -1.60539e+3
10.9927 5.9439e+4 6.12935e+1 -1.58202e+3
11.0008 5.9922e+4 5.78758e+1 -1.55892e+3
11.0089 6.0410e+4 5.96537e+1 -1.53610e+3
11.0170 6.0901e+4 6.17176e+1 -1.51349e+3
11.0251 6.1396e+4 6.16262e+1 -1.49111e+3
11.0332 6.1896e+4 5.86068e+1 -1.46898e+3
11.0413 6.2399e+4 6.02509e+1 -1.44710e+3
11.0494 6.2907e+4 5.80958e+1 -1.42547e+3
11.0575 6.3419e+4 6.04789e+1 -1.40408e+3
11.0656 6.3935e+4 5.93400e+1 -1.38290e+3
11.0737 6.4455e+4 5.89609e+1 -1.36201e+3
11.0818 6.4979e+4 5.96111e+1 -1.34129e+3
11.0899 6.5507e+4 5.78024e+1 -1.32080e+3
11.0980 6.6040e+4 5.63003e+1 -1.30060e+3
11.1061 6.6578e+4 5.44250e+1 -1.28063e+3
11.1142 6.7119e+4 5.22873e+1 -1.26090e+3
11.1223 6.7665e+4 5.30806e+1 -1.24140e+3
11.1304 6.8216e+4 5.52646e+1 -1.22210e+3
11.1385 6.8770e+4 4.93123e+1 -1.20303e+3
11.1466 6.9330e+4 4.70073e+1 -1.18424e+3
11.1547 6.9894e+4 4.42024e+1 -1.16568e+3
11.1628 7.0462e+4 4.86858e+1 -1.14731e+3
11.1709 7.1036e+4 4.76266e+1 -1.12913e+3
11.1790 7.1613e+4 4.40489e+1 -1.11118e+3
11.1871 7.2196e+4 4.46621e+1 -1.09343e+3
11.1952 7.2783e+4 4.68504e+1 -1.07589e+3
11.2033 7.3375e+4 5.29906e+1 -1.05847e+3
11.2114 7.3972e+4 5.10517e+1 -1.04122e+3
11.2195 7.4574e+4 5.06610e+1 -1.02416e+3
11.2276 7.5181e+4 5.13433e+1 -1.00728e+3
11.2357 7.5792e+4 4.75562e+1 -9.90620e+2
11.2439 7.6409e+4 5.20503e+1 -9.74101e+2
11.2520 7.7030e+4 5.24178e+1 -9.57795e+2
11.2601 7.7657e+4 4.98116e+1 -9.41654e+2
11.2682 7.8288e+4 4.77808e+1 -9.25756e+2
11.2763 7.8925e+4 4.83318e+1 -9.10009e+2
11.2844 7.9567e+4 4.73234e+1 -8.94431e+2
11.2925 8.0215e+4 5.09744e+1 -8.78981e+2
11.3006 8.0867e+4 4.91342e+1 -8.63703e+2
11.3087 8.1525e+4 4.81262e+1 -8.48645e+2
11.3168 8.2188e+4 4.87789e+1 -8.33746e+2
11.3249 8.2857e+4 4.74804e+1 -8.19043e+2
11.3330 8.3531e+4 4.28630e+1 -8.04558e+2
11.3411 8.4210e+4 4.17744e+1 -7.90242e+2
11.3492 8.4895e+4 3.29106e+1 -7.76185e+2
11.3573 8.5586e+4 3.92274e+1 -7.62303e+2
11.3654 8.6282e+4 3.56347e+1 -7.48562e+2
11.3735 8.6984e+4 3.54536e+1 -7.34986e+2
11.3816 8.7691e+4 3.31850e+1 -7.21594e+2
11.3897 8.8405e+4 2.85915e+1 -7.08421e+2
11.3978 8.9124e+4 3.07436e+1 -6.95381e+2
11.4059 8.9849e+4 2.82102e+1 -6.82521e+2
11.4140 9.0580e+4 2.32897e+1 -6.69861e+2
11.4221 9.1317e+4 2.36890e+1 -6.57372e+2
11.4302 9.2059e+4 2.77864e+1 -6.45006e+2
11.4383 9.2808e+4 2.67272e+1 -6.32725e+2
11.4464 9.3563e+4 2.47497e+1 -6.20618e+2
11.4545 9.4324e+4 2.37368e+1 -6.08713e+2
11.4626 9.5092e+4 2.39401e+1 -5.96922e+2
11.4707 9.5865e+4 2.21393e+1 -5.85256e+2
11.4788 9.6645e+4 2.51617e+1 -5.73753e+2
11.4869 9.7431e+4 2.62762e+1 -5.62394e+2
11.4950 9.8224e+4 3.19817e+1 -5.51045e+2
11.5031 9.9023e+4 3.18039e+1 -5.39805e+2
11.5112 9.9828e+4 3.43323e+1 -5.28650e+2
11.5193 1.0064e+5 3.71067e+1 -5.17561e+2
11.5274 1.0146e+5 4.41819e+1 -5.06526e+2
11.5355 1.0228e+5 4.15922e+1 -4.95608e+2
11.5436 1.0312e+5 4.00530e+1 -4.84855e+2
11.5517 1.0395e+5 3.85478e+1 -4.74224e+2
11.5598 1.0480e+5 3.91435e+1 -4.63712e+2
11.5679 1.0565e+5 3.86467e+1 -4.53352e+2
11.5760 1.0651e+5 4.07032e+1 -4.43092e+2
11.5841 1.0738e+5 4.36420e+1 -4.32889e+2
11.5922 1.0825e+5 4.46338e+1 -4.22779e+2
11.6003 1.0913e+5 4.74845e+1 -4.12771e+2
11.6084 1.1002e+5 4.29761e+1 -4.02908e+2
11.6165 1.1092e+5 3.76284e+1 -3.93229e+2
11.6246 1.1182e+5 3.24521e+1 -3.83708e+2
11.6327 1.1273e+5 3.22869e+1 -3.74355e+2
11.6408 1.1364e+5 3.27018e+1 -3.65121e+2
11.6489 1.1457e+5 3.51927e+1 -3.55987e+2
11.6570 1.1550e+5 3.50734e+1 -3.46920e+2
11.6651 1.1644e+5 2.89608e+1 -3.38011e+2
11.6732 1.1739e+5 2.79595e+1 -3.29262e+2
11.6813 1.1834e+5 2.80816e+1 -3.20639e+2
11.6894 1.1931e+5 2.16442e+1 -3.12144e+2
11.6975 1.2028e+5 2.56623e+1 -3.03767e+2
11.7056 1.2125e+5 2.83634e+1 -2.95442e+2
11.7137 1.2224e+5 2.75854e+1 -2.87195e+2
11.7218 1.2323e+5 2.46909e+1 -2.79079e+2
11.7299 1.2424e+5 2.15309e+1 -2.71093e+2
11.7381 1.2525e+5 2.60526e+1 -2.63237e+2
11.7462 1.2627e+5 2.24480e+1 -2.55450e+2
11.7543 1.2729e+5 2.18366e+1 -2.47786e+2
11.7624 1.2833e+5 2.77478e+1 -2.40185e+2
11.7705 1.2937e+5 3.26286e+1 -2.32575e+2
11.7786 1.3043e+5 3.05820e+1 -2.25057e+2
11.7867 1.3149e+5 2.75606e+1 -2.17660e+2
11.7948 1.3256e+5 2.80853e+1 -2.10394e+2
11.8029 1.3363e+5 2.55173e+1 -2.03223e+2
11.8110 1.3472e+5 2.10402e+1 -1.96154e+2
11.8191 1.3582e+5 2.39232e+1 -1.89225e+2
11.8272 1.3692e+5 2.44577e+1 -1.82340e+2
11.8353 1.3804e+5 2.22082e+1 -1.75548e+2
11.8434 1.3916e+5 2.49520e+1 -1.68882e+2
11.8515 1.4029e+5 2.09136e+1 -1.62283e+2
11.8596 1.4143e+5 1.80614e+1 -1.55802e+2
11.8677 1.4258e+5 2.20283e+1 -1.49373e+2
11.8758 1.4374e+5 1.93963e+1 -1.43024e+2
11.8839 1.4491e+5 2.09195e+1 -1.36804e+2
11.8920 1.4609e+5 2.13929e+1 -1.30639e+2
11.9001 1.4728e+5 1.77847e+1 -1.24561e+2
11.9082 1.4848e+5 2.02921e+1 -1.18558e+2
11.9163 1.4968e+5 2.54260e+1 -1.12593e+2
11.9244 1.5090e+5 1.96758e+1 -1.06715e+2
11.9325 1.5213e+5 1.00703e+1 -1.00999e+2
11.9406 1.5337e+5 8.51168e+0 -9.54326e+1
11.9487 1.5461e+5 5.43390e+0 -9.00019e+1
11.9568 1.5587e+5 8.76985e+0 -8.46324e+1
11.9649 1.5714e+5 1.66783e+1 -7.92024e+1
11.9730 1.5842e+5 1.18285e+1 -7.38514e+1
11.9811 1.5971e+5 1.17821e+1 -6.86443e+1
11.9892 1.6101e+5 4.61144e+0 -6.35731e+1
11.9973 1.6232e+5 5.22630e+0 -5.86389e+1
12.0054 1.6364e+5 3.54172e+0 -5.37374e+1
12.0135 1.6497e+5 3.41088e+0 -4.88900e+1
12.0216 1.6631e+5 -3.12833e+0 -4.41727e+1
12.0297 1.6766e+5 3.49254e+0 -3.95205e+1
12.0378 1.6903e+5 7.96323e+0 -3.48400e+1
12.0459 1.7040e+5 1.26823e+1 -3.01653e+1
12.0540 1.7179e+5 6.83021e+0 -2.55561e+1
12.0621 1.7319e+5 3.43468e+0 -2.10830e+1
12.0702 1.7459e+5 2.43502e+0 -1.66712e+1
12.0783 1.7601e+5 1.73986e+0 -1.23403e+1
12.0864 1.7745e+5 2.56671e+0 -8.05477e+0
12.0945 1.7889e+5 1.57075e+0 -3.84823e+0
12.1026 1.8034e+5 -1.39625e+0 2.81381e-1
12.1107 1.8181e+5 -8.86289e+0 4.27717e+0
12.1188 1.8329e+5 -9.65605e+0 8.13031e+0
12.1269 1.8478e+5 -8.81812e+0 1.19384e+1
12.1350 1.8628e+5 -1.03135e+1 1.56801e+1
12.1431 1.8780e+5 -1.19680e+1 1.93432e+1
12.1512 1.8933e+5 -9.00060e+0 2.29519e+1
12.1593 1.9087e+5 -7.14615e+0 2.65414e+1
12.1674 1.9242e+5 1.34962e+0 3.02106e+1
12.1755 1.9399e+5 5.16820e-1 3.38766e+1
12.1836 1.9556e+5 5.18878e+0 3.75087e+1
12.1917 1.9715e+5 8.39749e+0 4.11402e+1
12.1998 1.9876e+5 1.73049e+1 4.48748e+1
12.2079 2.0037e+5 2.21571e+1 4.86211e+1
12.2160 2.0200e+5 1.88966e+1 5.23720e+1
12.2241 2.0365e+5 2.33357e+1 5.60364e+1
12.2323 2.0530e+5 2.41019e+1 5.96839e+1
12.2404 2.0697e+5 2.10104e+1 6.32575e+1
12.2485 2.0866e+5 2.21560e+1 6.67860e+1
12.2566 2.1036e+5 2.55714e+1 7.03180e+1
12.2647 2.1207e+5 3.02005e+1 7.38700e+1
12.2728 2.1379e+5 2.41867e+1 7.73146e+1
12.2809 2.1553e+5 2.42742e+1 8.06562e+1
12.2890 2.1728e+5 3.15702e+1 8.39906e+1
12.2971 2.1905e+5 3.04623e+1 8.73740e+1
12.3052 2.2083e+5 3.19873e+1 9.07221e+1
12.3133 2.2263e+5 2.95656e+1 9.39746e+1
12.3214 2.2444e+5 2.94471e+1 9.71545e+1
12.3295 2.2627e+5 2.85842e+1 1.00311e+2
12.3376 2.2811e+5 2.64015e+1 1.03415e+2
12.3457 2.2996e+5 1.99624e+1 1.06383e+2
12.3538 2.3183e+5 2.46952e+1 1.09287e+2
12.3619 2.3372e+5 2.30487e+1 1.12181e+2
12.3700 2.3562e+5 2.71178e+1 1.15069e+2
12.3781 2.3754e+5 2.06677e+1 1.17896e+2
12.3862 2.3947e+5 2.51793e+1 1.20639e+2
12.3943 2.4142e+5 2.76539e+1 1.23389e+2
12.4024 2.4338e+5 2.85037e+1 1.26160e+2
12.4105 2.4536e+5 2.93015e+1 1.28884e+2
12.4186 2.4736e+5 2.96608e+1 1.31604e+2
12.4267 2.4937e+5 2.39479e+1 1.34219e+2
12.4348 2.5140e+5 2.11630e+1 1.36692e+2
12.4429 2.5344e+5 2.25211e+1 1.39122e+2
12.4510 2.5550e+5 1.13376e+1 1.41420e+2
12.4591 2.5758e+5 1.14698e+0 1.43541e+2
12.4672 2.5968e+5 1.29616e+1 1.45657e+2
12.4753 2.6179e+5 1.21791e+1 1.47795e+2
12.4834 2.6392e+5 9.40759e+0 1.49837e+2
12.4915 2.6607e+5 5.52643e+0 1.51829e+2
12.4996 2.6823e+5 6.68528e+0 1.53779e+2
12.5077 2.7041e+5 2.56424e+0 1.55628e+2
12.5158 2.7261e+5 -2.77062e+0 1.57376e+2
12.5239 2.7483e+5 3.96213e-1 1.59116e+2
12.5320 2.7707e+5 4.00277e+0 1.60843e+2
12.5401 2.7932e+5 1.97924e-1 1.62538e+2
12.5482 2.8159e+5 3.71440e+0 1.64245e+2
12.5563 2.8388e+5 6.82261e+0 1.65935e+2
12.5644 2.8619e+5 3.36978e+0 1.67595e+2
12.5725 2.8852e+5 1.61167e+0 1.69157e+2
12.5806 2.9087e+5 3.10506e-1 1.70675e+2
12.5887 2.9323e+5 3.97001e+0 1.72221e+2
12.5968 2.9562e+5 9.68011e+0 1.73787e+2
12.6049 2.9802e+5 1.00919e+1 1.75365e+2
12.6130 3.0045e+5 -3.57551e-1 1.76833e+2
12.6211 3.0289e+5 -2.33829e+0 1.78181e+2
12.6292 3.0536e+5 3.85007e-2 1.79520e+2
12.6373 3.0784e+5 -9.37897e+0 1.80741e+2
12.6454 3.1034e+5 -1.30333e+1 1.81851e+2
12.6535 3.1287e+5 -1.78059e+1 1.82852e+2
12.6616 3.1541e+5 -1.61344e+1 1.83788e+2
12.6697 3.1798e+5 -1.59912e+1 1.84730e+2
12.6778 3.2057e+5 -2.12577e+1 1.85616e+2
12.6859 3.2317e+5 -2.29578e+1 1.86448e+2
12.6940 3.2580e+5 -1.41332e+1 1.87293e+2
12.7021 3.2845e+5 -9.05458e+0 1.88222e+2
12.7102 3.3112e+5 -3.64726e+0 1.89199e+2
12.7183 3.3382e+5 3.13665e+0 1.90247e+2
12.7265 3.3653e+5 1.46027e+1 1.91428e+2
12.7346 3.3927e+5 1.31035e+1 1.92669e+2
12.7427 3.4203e+5 8.43807e+0 1.93829e+2
12.7508 3.4481e+5 1.67520e+1 1.94964e+2
12.7589 3.4762e+5 1.71131e+1 1.96187e+2
12.7670 3.5044e+5 9.87428e+0 1.97306e+2
12.7751 3.5330e+5 1.66196e+1 1.98391e+2
12.7832 3.5617e+5 1.90542e+1 1.99512e+2
12.7913 3.5907e+5 2.98579e+1 2.00722e+2
12.7994 3.6199e+5 2.39837e+1 2.01944e+2
12.8075 3.6493e+5 2.54801e+1 2.03093e+2
12.8156 3.6790e+5 3.19595e+1 2.04311e+2
12.8237 3.7089e+5 3.65224e+1 2.05588e+2
12.8318 3.7391e+5 4.15564e+1 2.06898e+2
12.8399 3.7695e+5 5.09097e+1 2.08308e+2
12.8480 3.8002e+5 5.36960e+1 2.09815e+2
12.8561 3.8311e+5 4.85783e+1 2.11250e+2
12.8642 3.8623e+5 4.90984e+1 2.12614e+2
12.8723 3.8937e+5 5.04906e+1 2.13997e+2
12.8804 3.9254e+5 4.67222e+1 2.15328e+2
12.8885 3.9573e+5 3.86844e+1 2.16541e+2
12.8966 3.9895e+5 4.27856e+1 2.17669e+2
12.9047 4.0219e+5 4.06780e+1 2.18821e+2
12.9128 4.0546e+5 4.69922e+1 2.19951e+2
12.9209 4.0876e+5 5.33960e+1 2.21182e+2
12.9290 4.1209e+5 4.86289e+1 2.22348e+2
12.9371 4.1544e+5 4.98125e+1 2.23494e+2
12.9452 4.1882e+5 4.86357e+1 2.24587e+2
12.9533 4.2223e+5 4.90841e+1 2.25695e+2
12.9614 4.2566e+5 3.99502e+1 2.26649e+2
12.9695 4.2912e+5 4.56771e+1 2.27571e+2
12.9776 4.3261e+5 4.86175e+1 2.28583e+2
12.9857 4.3613e+5 4.64810e+1 2.29555e+2
12.9938 4.3968e+5 4.18129e+1 2.30433e+2
13.0019 4.4326e+5 3.98481e+1 2.31264e+2
13.0100 4.4686e+5 3.13110e+1 2.31893e+2
13.0181 4.5050e+5 3.59010e+1 2.32529e+2
13.0262 4.5416e+5 3.49883e+1 2.33165e+2
13.0343 4.5786e+5 3.34953e+1 2.33809e+2
13.0424 4.6158e+5 1.92791e+1 2.34265e+2
13.0505 4.6534e+5 2.06850e+1 2.34622e+2
13.0586 4.6912e+5 2.35960e+1 2.34985e+2
13.0667 4.7294e+5 2.97365e+1 2.35426e+2
13.0748 4.7678e+5 2.65898e+1 2.35831e+2
13.0829 4.8066e+5 2.79413e+1 2.36197e+2
13.0910 4.8457e+5 2.17372e+1 2.36559e+2
13.0991 4.8852e+5 2.02661e+1 2.36794e+2
13.1072 4.9249e+5 2.07121e+1 2.37023e+2
13.1153 4.9650e+5 1.21269e+1 2.37172e+2
13.1234 5.0053e+5 1.48748e+1 2.37268e+2
13.1315 5.0461e+5 1.40873e+1 2.37344e+2
13.1396 5.0871e+5 8.17780e+0 2.37377e+2
13.1477 5.1285e+5 1.09793e+1 2.37374e+2
13.1558 5.1702e+5 -2.06702e-1 2.37275e+2
13.1639 5.2123e+5 -1.67380e+0 2.37058e+2
13.1720 5.2547e+5 -1.95781e+0 2.36801e+2
13.1801 5.2974e+5 7.24178e+0 2.36610e+2
13.1882 5.3405e+5 1.16424e+1 2.36556e+2
13.1963 5.3839e+5 -5.18149e+0 2.36350e+2
13.2044 5.4277e+5 -1.37224e+0 2.36045e+2
13.2125 5.4719e+5 -1.33040e+1 2.35640e+2
13.2207 5.5164e+5 -8.42563e+0 2.35163e+2
13.2288 5.5613e+5 -5.51352e+0 2.34820e+2
13.2369 5.6065e+5 -1.90190e+0 2.34415e+2
13.2450 5.6521e+5 -4.86434e+0 2.34066e+2
13.2531 5.6981e+5 -7.87115e+0 2.33642e+2
13.2612 5.7444e+5 -2.76028e+0 2.33214e+2
13.2693 5.7912e+5 -1.02995e+1 2.32744e+2
13.2774 5.8383e+5 -6.22440e+0 2.32288e+2
13.2855 5.8858e+5 -9.47187e+0 2.31798e+2
13.2936 5.9336e+5 -2.96458e+0 2.31315e+2
13.3017 5.9819e+5 -4.94671e+0 2.30882e+2
13.3098 6.0306e+5 -6.26208e+0 2.30359e+2
13.3179 6.0796e+5 -1.24909e+1 2.29818e+2
13.3260 6.1291e+5 -2.63705e+1 2.29107e+2
13.3341 6.1789e+5 -2.52842e+1 2.28296e+2
13.3422 6.2292e+5 -2.36995e+1 2.27480e+2
13.3503 6.2799e+5 -1.32076e+1 2.26778e+2
13.3584 6.3310e+5 -1.89671e+1 2.26104e+2
13.3665 6.3825e+5 -1.89041e+1 2.25340e+2
13.3746 6.4344e+5 -2.85846e+1 2.24523e+2
13.3827 6.4867e+5 -2.73601e+1 2.23620e+2
13.3908 6.5395e+5 -2.95896e+1 2.22728e+2
13.3989 6.5927e+5 -3.08739e+1 2.21801e+2
13.4070 6.6463e+5 -2.56118e+1 2.20857e+2
13.4151 6.7004e+5 -2.43146e+1 2.20005e+2
13.4232 6.7549e+5 -3.11353e+1 2.19131e+2
13.4313 6.8098e+5 -2.72134e+1 2.18172e+2
13.4394 6.8652e+5 -2.21773e+1 2.17265e+2
13.4475 6.9211e+5 -1.62906e+1 2.16458e+2
13.4556 6.9774e+5 -1.19036e+1 2.15754e+2
13.4637 7.0341e+5 -1.78954e+1 2.15030e+2
13.4718 7.0913e+5 -5.93780e+0 2.14345e+2
13.4799 7.1490e+5 -1.35814e+0 2.13746e+2
13.4880 7.2072e+5 4.60535e+0 2.13235e+2
13.4961 7.2658e+5 -2.56376e-1 2.12781e+2
13.5042 7.3249e+5 1.04014e+1 2.12330e+2
13.5123 7.3845e+5 1.47781e+1 2.11984e+2
13.5204 7.4446e+5 1.69607e+1 2.11692e+2
13.5285 7.5051e+5 1.03141e+1 2.11382e+2
13.5366 7.5662e+5 1.76428e+0 2.10880e+2
13.5447 7.6277e+5 7.80402e+0 2.10343e+2
13.5528 7.6898e+5 8.43549e+0 2.09858e+2
13.5609 7.7523e+5 -6.60705e+0 2.09283e+2
13.5690 7.8154e+5 -5.22189e+0 2.08566e+2
13.5771 7.8790e+5 1.67199e+0 2.07931e+2
13.5852 7.9431e+5 -1.11131e+1 2.07263e+2
13.5933 8.0077e+5 -1.76897e+1 2.06395e+2
13.6014 8.0728e+5 -1.40003e+1 2.05526e+2
13.6095 8.1385e+5 -1.76552e+1 2.04639e+2
13.6176 8.2047e+5 -2.51791e+1 2.03652e+2
13.6257 8.2714e+5 -2.55870e+1 2.02622e+2
13.6338 8.3387e+5 -1.90084e+1 2.01606e+2
13.6419 8.4065e+5 -1.95017e+1 2.00628e+2
13.6500 8.4749e+5 -2.96895e+1 1.99605e+2
13.6581 8.5439e+5 -2.80673e+1 1.98440e+2
13.6662 8.6134e+5 -3.09985e+1 1.97329e+2
13.6743 8.6834e+5 -2.61217e+1 1.96154e+2
13.6824 8.7541e+5 -2.48024e+1 1.95043e+2
13.6905 8.8253e+5 -2.50695e+1 1.93989e+2
13.6986 8.8971e+5 -3.96133e+1 1.92838e+2
13.7067 8.9694e+5 -3.27682e+1 1.91539e+2
13.7148 9.0424e+5 -3.83188e+1 1.90272e+2
13.7230 9.1160e+5 -5.72934e+1 1.88845e+2
13.7311 9.1901e+5 -5.60759e+1 1.87287e+2
13.7392 9.2649e+5 -6.24774e+1 1.85659e+2
13.7473 9.3402e+5 -6.91453e+1 1.83958e+2
13.7554 9.4162e+5 -7.92060e+1 1.82126e+2
13.7635 9.4928e+5 -8.41058e+1 1.80146e+2
13.7716 9.5700e+5 -7.38251e+1 1.78222e+2
13.7797 9.6479e+5 -7.39175e+1 1.76341e+2
13.7878 9.7264e+5 -6.66346e+1 1.74566e+2
13.7959 9.8055e+5 -6.83755e+1 1.72898e+2
13.8040 9.8852e+5 -7.56037e+1 1.71083e+2
13.8121 9.9656e+5 -7.75655e+1 1.69268e+2
13.8202 1.0047e+6 -7.95707e+1 1.67381e+2
13.8283 1.0128e+6 -8.97911e+1 1.65401e+2
13.8364 1.0211e+6 -7.36101e+1 1.63408e+2
13.8445 1.0294e+6 -8.28782e+1 1.61563e+2
13.8526 1.0378e+6 -8.23867e+1 1.59674e+2
13.8607 1.0462e+6 -7.55827e+1 1.57844e+2
13.8688 1.0547e+6 -6.93250e+1 1.56104e+2
13.8769 1.0633e+6 -7.29105e+1 1.54360e+2
13.8850 1.0719e+6 -8.23822e+1 1.52581e+2
13.8931 1.0807e+6 -9.36390e+1 1.50569e+2
13.9012 1.0895e+6 -9.15994e+1 1.48485e+2
13.9093 1.0983e+6 -8.99720e+1 1.46483e+2
13.9174 1.1073e+6 -1.00248e+2 1.44355e+2
13.9255 1.1163e+6 -9.75915e+1 1.42277e+2
13.9336 1.1253e+6 -9.27914e+1 1.40240e+2
13.9417 1.1345e+6 -8.42183e+1 1.38312e+2
13.9498 1.1437e+6 -8.14794e+1 1.36441e+2
13.9579 1.1530e+6 -6.70686e+1 1.34721e+2
13.9660 1.1624e+6 -7.51642e+1 1.33069e+2
13.9741 1.1719e+6 -7.78173e+1 1.31325e+2
13.9822 1.1814e+6 -7.05282e+1 1.29635e+2
13.9903 1.1910e+6 -6.57213e+1 1.28088e+2
13.9984 1.2007e+6 -7.26277e+1 1.26488e+2
14.0065 1.2105e+6 -6.85676e+1 1.24881e+2
14.0146 1.2203e+6 -6.75475e+1 1.23336e+2
14.0227 1.2302e+6 -5.55497e+1 1.21855e+2
14.0308 1.2402e+6 -6.04042e+1 1.20450e+2
14.0389 1.2503e+6 -6.73505e+1 1.18903e+2
14.0470 1.2605e+6 -7.98475e+1 1.17265e+2
14.0551 1.2708e+6 -7.70160e+1 1.15524e+2
14.0632 1.2811e+6 -7.93113e+1 1.13767e+2
14.0713 1.2915e+6 -8.07827e+1 1.12054e+2
14.0794 1.3020e+6 -6.85459e+1 1.10355e+2
14.0875 1.3126e+6 -6.37980e+1 1.08848e+2
14.0956 1.3233e+6 -6.49768e+1 1.07336e+2
14.1037 1.3340e+6 -7.15299e+1 1.05844e+2
14.1118 1.3449e+6 -6.61439e+1 1.04290e+2
14.1199 1.3558e+6 -7.87844e+1 1.02611e+2
14.1280 1.3669e+6 -7.01074e+1 1.00961e+2
14.1361 1.3780e+6 -6.46425e+1 9.94085e+1
14.1442 1.3892e+6 -6.34878e+1 9.79887e+1
14.1523 1.4005e+6 -5.48583e+1 9.66510e+1
14.1604 1.4119e+6 -5.91400e+1 9.53237e+1
14.1685 1.4234e+6 -5.25811e+1 9.39576e+1
14.1766 1.4350e+6 -5.41364e+1 9.27189e+1
14.1847 1.4466e+6 -6.06144e+1 9.13116e+1
14.1928 1.4584e+6 -6.19183e+1 8.98899e+1
14.2009 1.4703e+6 -5.87799e+1 8.85611e+1
14.2090 1.4822e+6 -5.82607e+1 8.72345e+1
14.2172 1.4943e+6 -5.63177e+1 8.58506e+1
14.2253 1.5064e+6 -7.29828e+1 8.44056e+1
14.2334 1.5187e+6 -6.35961e+1 8.29434e+1
14.2415 1.5310e+6 -7.77030e+1 8.13862e+1
14.2496 1.5435e+6 -7.51602e+1 7.97444e+1
14.2577 1.5560e+6 -7.18267e+1 7.81925e+1
14.2658 1.5687e+6 -7.82033e+1 7.66357e+1
14.2739 1.5815e+6 -8.06530e+1 7.49646e+1
14.2820 1.5943e+6 -7.50798e+1 7.33863e+1
14.2901 1.6073e+6 -7.13015e+1 7.18234e+1
14.2982 1.6204e+6 -6.34237e+1 7.03800e+1
14.3063 1.6336e+6 -5.58049e+1 6.89764e+1
14.3144 1.6468e+6 -6.13597e+1 6.77443e+1
14.3225 1.6602e+6 -6.11889e+1 6.64203e+1
14.3306 1.6737e+6 -6.15442e+1 6.50457e+1
14.3387 1.6874e+6 -6.31759e+1 6.37629e+1
14.3468 1.7011e+6 -6.43825e+1 6.23890e+1
14.3549 1.7149e+6 -6.74199e+1 6.10026e+1
14.3630 1.7289e+6 -7.42212e+1 5.95713e+1
14.3711 1.7429e+6 -8.10896e+1 5.80313e+1
14.3792 1.7571e+6 -7.60723e+1 5.65019e+1
14.3873 1.7714e+6 -7.55699e+1 5.49722e+1
14.3954 1.7858e+6 -7.12848e+1 5.34742e+1
14.4035 1.8003e+6 -6.61842e+1 5.20489e+1
14.4116 1.8150e+6 -7.34123e+1 5.06932e+1
14.4197 1.8298e+6 -5.60512e+1 4.93897e+1
14.4278 1.8446e+6 -6.32417e+1 4.79499e+1
14.4359 1.8596e+6 -7.10681e+1 4.65546e+1
14.4440 1.8748e+6 -6.78592e+1 4.52043e+1
14.4521 1.8900e+6 -6.97752e+1 4.37316e+1
14.4602 1.9054e+6 -8.84545e+1 4.21910e+1
14.4683 1.9209e+6 -8.06530e+1 4.05771e+1
14.4764 1.9365e+6 -7.50499e+1 3.89981e+1
14.4845 1.9523e+6 -6.17740e+1 3.77175e+1
14.4926 1.9682e+6 -5.99841e+1 3.64670e+1
14.5007 1.9842e+6 -4.97636e+1 3.52105e+1
14.5088 2.0003e+6 -4.51410e+1 3.41758e+1
14.5169 2.0166e+6 -3.13824e+1 3.33281e+1
14.5250 2.0330e+6 -2.28606e+1 3.25818e+1
14.5331 2.0495e+6 -1.99056e+1 3.19861e+1
14.5412 2.0662e+6 -2.20258e+1 3.13499e+1
14.5493 2.0830e+6 -2.10575e+1 3.06944e+1
14.5574 2.0999e+6 -3.47732e+1 2.99154e+1
14.5655 2.1170e+6 -3.87816e+1 2.90567e+1
14.5736 2.1342e+6 -2.32730e+1 2.82464e+1
14.5817 2.1516e+6 -1.74688e+1 2.76810e+1
14.5898 2.1691e+6 -1.79918e+1 2.70917e+1
14.5979 2.1868e+6 -1.62189e+1 2.65529e+1
14.6060 2.2045e+6 -1.79461e+1 2.59632e+1
14.6141 2.2225e+6 -3.33535e+1 2.51845e+1
14.6222 2.2406e+6 -2.80947e+1 2.43494e+1
14.6303 2.2588e+6 -3.19505e+1 2.35903e+1
14.6384 2.2772e+6 -5.04961e+1 2.26384e+1
14.6465 2.2957e+6 -4.23611e+1 2.15306e+1
14.6546 2.3144e+6 -4.11115e+1 2.04905e+1
14.6627 2.3332e+6 -3.90092e+1 1.95271e+1
14.6708 2.3522e+6 -3.73167e+1 1.86399e+1
14.6789 2.3713e+6 -5.03460e+1 1.76470e+1
14.6870 2.3906e+6 -6.26943e+1 1.64398e+1
14.6951 2.4100e+6 -5.25354e+1 1.51438e+1
14.7032 2.4296e+6 -4.91921e+1 1.39996e+1
14.7114 2.4494e+6 -5.51425e+1 1.29128e+1
14.7195 2.4693e+6 -6.76007e+1 1.15755e+1
14.7276 2.4894e+6 -7.02347e+1 1.02158e+1
14.7357 2.5097e+6 -7.21687e+1 8.69756e+0
14.7438 2.5301e+6 -7.64918e+1 7.17050e+0
14.7519 2.5507e+6 -8.93372e+1 5.55141e+0
14.7600 2.5714e+6 -8.73617e+1 3.84898e+0
14.7681 2.5923e+6 -9.98622e+1 2.11171e+0
14.7762 2.6134e+6 -8.80834e+1 4.77730e-1
14.7843 2.6347e+6 -8.66940e+1 -1.08450e+0
14.7924 2.6561e+6 -8.12624e+1 -2.69032e+0
14.8005 2.6777e+6 -6.81933e+1 -4.13686e+0
14.8086 2.6995e+6 -5.51385e+1 -5.37441e+0
14.8167 2.7214e+6 -4.78503e+1 -6.48460e+0
14.8248 2.7436e+6 -3.55281e+1 -7.47492e+0
14.8329 2.7659e+6 -2.48976e+1 -8.22990e+0
14.8410 2.7884e+6 -1.79241e+1 -8.85211e+0
14.8491 2.8111e+6 -1.90944e+1 -9.31434e+0
14.8572 2.8339e+6 -1.35948e+1 -9.87699e+0
14.8653 2.8570e+6 -1.09009e+1 -1.03432e+1
14.8734 2.8802e+6 -2.69427e+1 -1.08875e+1
14.8815 2.9037e+6 -2.58451e+1 -1.16119e+1
14.8896 2.9273e+6 -4.30613e+1 -1.24467e+1
14.8977 2.9511e+6 -3.43443e+1 -1.33404e+1
14.9058 2.9751e+6 -3.37661e+1 -1.40761e+1
14.9139 2.9993e+6 -4.78352e+1 -1.50421e+1
14.9220 3.0237e+6 -5.91887e+1 -1.61140e+1
14.9301 3.0483e+6 -6.76314e+1 -1.73933e+1
14.9382 3.0731e+6 -6.02842e+1 -1.86548e+1
14.9463 3.0981e+6 -3.21764e+1 -1.96071e+1
14.9544 3.1233e+6 -2.78313e+1 -2.03980e+1
14.9625 3.1487e+6 -2.57424e+1 -2.10302e+1
14.9706 3.1743e+6 -2.76832e+1 -2.15905e+1
14.9787 3.2001e+6 -4.18644e+1 -2.23132e+1
14.9868 3.2262e+6 -6.19972e+1 -2.33252e+1
14.9949 3.2524e+6 -5.40784e+1 -2.44633e+1
15.0030 3.2789e+6 -5.00175e+1 -2.55546e+1
15.0111 3.3055e+6 -4.93844e+1 -2.66058e+1
15.0192 3.3324e+6 -4.32115e+1 -2.75576e+1
15.0273 3.3595e+6 -3.69635e+1 -2.84227e+1
15.0354 3.3869e+6 -5.76684e+1 -2.93032e+1
15.0435 3.4144e+6 -5.19585e+1 -3.03339e+1
15.0516 3.4422e+6 -4.07852e+1 -3.11587e+1
15.0597 3.4702e+6 -5.05786e+1 -3.20427e+1
15.0678 3.4984e+6 -5.93157e+1 -3.30359e+1
15.0759 3.5269e+6 -6.28832e+1 -3.42208e+1
15.0840 3.5556e+6 -7.08522e+1 -3.54572e+1
15.0921 3.5845e+6 -6.84741e+1 -3.67574e+1
15.1002 3.6137e+6 -7.37019e+1 -3.80844e+1
15.1083 3.6430e+6 -8.01116e+1 -3.94833e+1
15.1164 3.6727e+6 -8.68204e+1 -4.09632e+1
15.1245 3.7026e+6 -7.14725e+1 -4.23444e+1
15.1326 3.7327e+6 -5.82469e+1 -4.35237e+1
15.1407 3.7630e+6 -3.41717e+1 -4.44327e+1
15.1488 3.7937e+6 -2.70398e+1 -4.50304e+1
15.1569 3.8245e+6 -3.69367e+1 -4.56189e+1
15.1650 3.8556e+6 -4.59603e+1 -4.64168e+1
15.1731 3.8870e+6 -3.13380e+1 -4.71103e+1
15.1812 3.9186e+6 -1.94881e+1 -4.76303e+1
15.1893 3.9505e+6 -1.69776e+1 -4.79753e+1
15.1974 3.9826e+6 -2.63053e+1 -4.84169e+1
15.2056 4.0150e+6 -4.24080e+1 -4.90787e+1
15.2137 4.0477e+6 -2.28452e+1 -4.98096e+1
15.2218 4.0806e+6 -9.03957e+0 -5.01330e+1
15.2299 4.1138e+6 -1.75824e+1 -5.04788e+1
15.2380 4.1473e+6 -2.02312e+1 -5.08585e+1
15.2461 4.1810e+6 -3.04249e+1 -5.13712e+1
15.2542 4.2150e+6 -4.51884e+1 -5.21145e+1
15.2623 4.2493e+6 -2.88772e+1 -5.28606e+1
15.2704 4.2839e+6 -1.20182e+1 -5.32089e+1
15.2785 4.3187e+6 -1.12080e+1 -5.35273e+1
15.2866 4.3538e+6 -1.77264e+1 -5.38491e+1
15.2947 4.3892e+6 1.02885e+1 -5.39053e+1
15.3028 4.4250e+6 1.53329e+1 -5.37280e+1
15.3109 4.4609e+6 2.02821e+1 -5.35580e+1
15.3190 4.4972e+6 1.45297e+1 -5.33680e+1
15.3271 4.5338e+6 3.02668e+1 -5.31219e+1
15.3352 4.5707e+6 4.86159e+1 -5.26175e+1
15.3433 4.6079e+6 3.60720e+1 -5.20455e+1
15.3514 4.6454e+6 2.91961e+1 -5.16527e+1
15.3595 4.6832e+6 4.04678e+1 -5.12299e+1
15.3676 4.7212e+6 4.94974e+1 -5.05926e+1
15.3757 4.7597e+6 4.51583e+1 -4.99946e+1
15.3838 4.7984e+6 5.03742e+1 -4.93493e+1
15.3919 4.8374e+6 6.47019e+1 -4.85325e+1
15.4000 4.8768e+6 7.95630e+1 -4.75948e+1
15.4081 4.9164e+6 6.75886e+1 -4.66584e+1
15.4162 4.9564e+6 7.63686e+1 -4.56663e+1
15.4243 4.9967e+6 7.96621e+1 -4.45896e+1
15.4324 5.0374e+6 7.47461e+1 -4.35274e+1
15.4405 5.0784e+6 9.52784e+1 -4.24609e+1
15.4486 5.1197e+6 1.16537e+2 -4.09009e+1
15.4567 5.1613e+6 1.08295e+2 -3.93373e+1
15.4648 5.2033e+6 9.74457e+1 -3.79327e+1
15.4729 5.2456e+6 9.03262e+1 -3.66102e+1
15.4810 5.2883e+6 7.70482e+1 -3.55783e+1
15.4891 5.3313e+6 8.06367e+1 -3.45703e+1
15.4972 5.3747e+6 7.34899e+1 -3.36454e+1
15.5053 5.4184e+6 7.61858e+1 -3.27546e+1
15.5134 5.4625e+6 8.31219e+1 -3.18490e+1
15.5215 5.5069e+6 8.92730e+1 -3.07930e+1
15.5296 5.5517e+6 1.00196e+2 -2.96252e+1
15.5377 5.5969e+6 8.78930e+1 -2.85378e+1
15.5458 5.6424e+6 9.74370e+1 -2.73633e+1
15.5539 5.6883e+6 7.86173e+1 -2.63235e+1
15.5620 5.7346e+6 9.34625e+1 -2.53683e+1
15.5701 5.7812e+6 9.65379e+1 -2.42038e+1
15.5782 5.8282e+6 8.91368e+1 -2.30968e+1
15.5863 5.8757e+6 9.61096e+1 -2.19965e+1
15.5944 5.9234e+6 7.82285e+1 -2.10083e+1
15.6025 5.9716e+6 5.01348e+1 -2.03795e+1
15.6106 6.0202e+6 5.99441e+1 -1.99153e+1
15.6187 6.0692e+6 7.93146e+1 -1.92371e+1
15.6268 6.1186e+6 7.47912e+1 -1.83999e+1
15.6349 6.1683e+6 7.84581e+1 -1.76170e+1
15.6430 6.2185e+6 7.96768e+1 -1.67619e+1
15.6511 6.2691e+6 9.72440e+1 -1.58240e+1
15.6592 6.3201e+6 8.89719e+1 -1.48200e+1
15.6673 6.3715e+6 7.48035e+1 -1.40532e+1
15.6754 6.4233e+6 8.35841e+1 -1.31889e+1
15.6835 6.4756e+6 8.17046e+1 -1.24154e+1
15.6916 6.5282e+6 8.33586e+1 -1.16600e+1
15.6998 6.5814e+6 8.16718e+1 -1.07698e+1
15.7079 6.6349e+6 6.42316e+1 -1.01861e+1
15.7160 6.6889e+6 5.37442e+1 -9.78372e+0
15.7241 6.7433e+6 3.93450e+1 -9.57872e+0
15.7322 6.7981e+6 3.71901e+1 -9.39158e+0
15.7403 6.8534e+6 4.30746e+1 -9.22920e+0
15.7484 6.9092e+6 4.75217e+1 -9.00263e+0
15.7565 6.9654e+6 3.58048e+1 -8.91229e+0
15.7646 7.0220e+6 5.06759e+1 -8.65016e+0
15.7727 7.0792e+6 3.20491e+1 -8.39295e+0
15.7808 7.1367e+6 1.53600e+1 -8.48028e+0
15.7889 7.1948e+6 1.58270e+1 -8.71167e+0
15.7970 7.2533e+6 2.28936e+1 -8.91003e+0
15.8051 7.3123e+6 4.14912e+1 -8.91927e+0
15.8132 7.3718e+6 2.87427e+1 -8.83059e+0
15.8213 7.4318e+6 1.52629e+1 -9.00214e+0
15.8294 7.4922e+6 4.00297e+1 -9.06057e+0
15.8375 7.5532e+6 8.61302e+0 -9.15712e+0
15.8456 7.6146e+6 2.84532e+1 -9.30578e+0
15.8537 7.6766e+6 1.75568e+1 -9.40778e+0
15.8618 7.7390e+6 8.91678e+0 -9.64983e+0
15.8699 7.8020e+6 3.83271e+1 -9.71027e+0
15.8780 7.8654e+6 2.51583e+1 -9.66671e+0
15.8861 7.9294e+6 2.13399e+1 -9.77988e+0
15.8942 7.9939e+6 2.67231e+1 -9.80823e+0
15.9023 8.0589e+6 1.90864e+1 -9.82464e+0
15.9104 8.1245e+6 4.11762e+1 -9.80089e+0
15.9185 8.1906e+6 2.40984e+1 -9.66370e+0
15.9266 8.2572e+6 2.99279e+1 -9.56011e+0
15.9347 8.3244e+6 2.36331e+1 -9.43667e+0
15.9428 8.3921e+6 -1.17050e+0 -9.64279e+0
15.9509 8.4604e+6 8.59661e+0 -9.82787e+0
15.9590 8.5292e+6 5.37522e+0 -1.00613e+1
15.9671 8.5986e+6 2.28763e+1 -1.03136e+1
15.9752 8.6685e+6 2.21125e+1 -1.03023e+1
15.9833 8.7390e+6 3.42024e+1 -1.02614e+1
15.9914 8.8101e+6 2.90999e+1 -1.01627e+1
15.9995 8.8818e+6 5.16235e+1 -9.93186e+0
16.0076 8.9540e+6 6.09808e+1 -9.39908e+0
16.0157 9.0269e+6 6.64195e+1 -8.71708e+0
16.0238 9.1003e+6 5.40210e+1 -8.08760e+0
16.0319 9.1743e+6 8.34279e+1 -7.21656e+0
16.0400 9.2489e+6 8.37498e+1 -6.20935e+0
16.0481 9.3242e+6 8.54791e+1 -5.20364e+0
16.0562 9.4000e+6 5.65450e+1 -4.35632e+0
16.0643 9.4765e+6 6.07790e+1 -3.78805e+0
16.0724 9.5536e+6 8.32410e+1 -2.87272e+0
16.0805 9.6313e+6 9.04926e+1 -1.75571e+0
16.0886 9.7096e+6 8.82259e+1 -7.09644e-1
16.0967 9.7886e+6 6.96799e+1 2.53874e-1
16.1048 9.8682e+6 6.10088e+1 9.46732e-1
16.1129 9.9485e+6 9.15527e+1 1.72518e+0
16.1210 1.0029e+7 8.43959e+1 2.84943e+0
16.1291 1.0111e+7 6.93626e+1 3.76763e+0
16.1372 1.0193e+7 5.15824e+1 4.45425e+0
16.1453 1.0276e+7 6.50925e+1 4.97370e+0
16.1534 1.0360e+7 2.82415e+1 5.38053e+0
16.1615 1.0444e+7 6.61555e+1 5.82700e+0
16.1696 1.0529e+7 7.83089e+1 6.55240e+0
16.1777 1.0615e+7 7.29227e+1 7.48995e+0
16.1858 1.0701e+7 8.04912e+1 8.29424e+0
16.1940 1.0788e+7 7.35658e+1 9.20726e+0
16.2021 1.0876e+7 7.93868e+1 1.00175e+1
16.2102 1.0964e+7 5.64021e+1 1.08315e+1
16.2183 1.1053e+7 8.20811e+1 1.16597e+1
16.2264 1.1143e+7 9.77220e+1 1.28661e+1
16.2345 1.1234e+7 1.02105e+2 1.41335e+1
16.2426 1.1325e+7 6.78541e+1 1.52653e+1
16.2507 1.1418e+7 6.79563e+1 1.60626e+1
16.2588 1.1510e+7 8.00131e+1 1.69574e+1
16.2669 1.1604e+7 7.15074e+1 1.79596e+1
16.2750 1.1698e+7 6.12645e+1 1.87465e+1
16.2831 1.1794e+7 5.83031e+1 1.94851e+1
16.2912 1.1890e+7 6.63126e+1 2.02728e+1
16.2993 1.1986e+7 6.61526e+1 2.09693e+1
16.3074 1.2084e+7 6.22429e+1 2.17588e+1
16.3155 1.2182e+7 4.74675e+1 2.24136e+1
16.3236 1.2281e+7 5.85843e+1 2.30446e+1
16.3317 1.2381e+7 4.53801e+1 2.36625e+1
16.3398 1.2482e+7 5.33381e+1 2.42449e+1
16.3479 1.2583e+7 4.71317e+1 2.48100e+1
16.3560 1.2686e+7 2.31391e+1 2.51060e+1
16.3641 1.2789e+7 4.00689e+1 2.53144e+1
16.3722 1.2893e+7 3.63252e+1 2.56970e+1
16.3803 1.2998e+7 5.44838e+1 2.61498e+1
16.3884 1.3103e+7 3.41309e+1 2.66049e+1
16.3965 1.3210e+7 4.56817e+1 2.70379e+1
16.4046 1.3318e+7 4.50109e+1 2.74680e+1
16.4127 1.3426e+7 4.39550e+1 2.78938e+1
16.4208 1.3535e+7 2.92578e+1 2.83245e+1
16.4289 1.3645e+7 3.94711e+1 2.86501e+1
16.4370 1.3756e+7 2.77269e+1 2.91922e+1
16.4451 1.3868e+7 -1.31663e+1 2.90969e+1
16.4532 1.3981e+7 -2.36367e+1 2.85682e+1
16.4613 1.4095e+7 -4.23209e+1 2.77079e+1
16.4694 1.4209e+7 -4.38442e+1 2.69560e+1
16.4775 1.4325e+7 -5.73641e+1 2.60782e+1
16.4856 1.4441e+7 -7.09844e+1 2.48340e+1
16.4937 1.4559e+7 -8.45209e+1 2.33828e+1
16.5018 1.4677e+7 -9.90353e+1 2.21785e+1
16.5099 1.4797e+7 -7.14437e+1 2.07430e+1
16.5180 1.4917e+7 -4.75510e+1 1.96984e+1
16.5261 1.5038e+7 -4.37789e+1 1.89614e+1
16.5342 1.5161e+7 -1.66483e+1 1.86736e+1
16.5423 1.5284e+7 -3.81992e+1 1.83560e+1
16.5504 1.5408e+7 -4.53717e+1 1.76815e+1
16.5585 1.5534e+7 -5.53807e+1 1.69517e+1
16.5666 1.5660e+7 -5.90257e+1 1.61614e+1
16.5747 1.5787e+7 -5.64225e+1 1.52937e+1
16.5828 1.5916e+7 -4.72567e+1 1.47223e+1
16.5909 1.6045e+7 -3.09649e+1 1.42069e+1
16.5990 1.6176e+7 -4.48902e+1 1.37832e+1
16.6071 1.6307e+7 -5.43051e+1 1.30402e+1
16.6152 1.6440e+7 -4.96939e+1 1.24200e+1
16.6233 1.6574e+7 -7.10380e+1 1.16742e+1
16.6314 1.6709e+7 -8.09446e+1 1.06456e+1
16.6395 1.6845e+7 -9.14893e+1 9.51082e+0
16.6476 1.6982e+7 -9.27895e+1 8.31363e+0
16.6557 1.7120e+7 -1.10266e+2 6.99771e+0
16.6638 1.7259e+7 -9.93892e+1 5.69286e+0
16.6719 1.7399e+7 -1.22505e+2 4.19758e+0
16.6800 1.7541e+7 -1.02361e+2 2.69353e+0
16.6882 1.7684e+7 -9.65593e+1 1.47264e+0
16.6963 1.7827e+7 -8.70234e+1 1.84658e-1
16.7044 1.7973e+7 -7.46623e+1 -7.50902e-1
16.7125 1.8119e+7 -6.67058e+1 -1.53058e+0
16.7206 1.8266e+7 -6.98251e+1 -2.30501e+0
16.7287 1.8415e+7 -8.29762e+1 -3.00587e+0
16.7368 1.8564e+7 -5.43159e+1 -3.55297e+0
16.7449 1.8715e+7 -8.62070e+1 -3.97843e+0
16.7530 1.8868e+7 -6.46643e+1 -4.59270e+0
16.7611 1.9021e+7 -7.74536e+1 -5.14034e+0
16.7692 1.9176e+7 -6.27661e+1 -5.73846e+0
16.7773 1.9332e+7 -5.01869e+1 -6.01684e+0
16.7854 1.9489e+7 -4.35346e+1 -6.09792e+0
16.7935 1.9648e+7 -4.27725e+1 -6.28778e+0
16.8016 1.9808e+7 -3.99625e+1 -6.41725e+0
16.8097 1.9969e+7 -3.78444e+1 -6.36909e+0
16.8178 2.0131e+7 -5.60009e+1 -6.46199e+0
16.8259 2.0295e+7 -5.22373e+1 -6.77716e+0
16.8340 2.0460e+7 -7.38530e+1 -7.13637e+0
16.8421 2.0626e+7 -7.21817e+1 -7.63475e+0
16.8502 2.0794e+7 -1.10714e+2 -8.44719e+0
16.8583 2.0963e+7 -1.19068e+2 -9.57514e+0
16.8664 2.1134e+7 -1.29463e+2 -1.09488e+1
16.8745 2.1306e+7 -1.49021e+2 -1.25242e+1
16.8826 2.1479e+7 -1.38309e+2 -1.41914e+1
16.8907 2.1654e+7 -1.06488e+2 -1.55023e+1
16.8988 2.1830e+7 -8.84954e+1 -1.64817e+1
16.9069 2.2008e+7 -8.86284e+1 -1.73104e+1
16.9150 2.2187e+7 -7.87268e+1 -1.79602e+1
16.9231 2.2367e+7 -6.05592e+1 -1.82974e+1
16.9312 2.2549e+7 -7.48985e+1 -1.86731e+1
16.9393 2.2732e+7 -5.99315e+1 -1.89279e+1
16.9474 2.2917e+7 -2.63976e+1 -1.89177e+1
16.9555 2.3104e+7 -4.58379e+1 -1.87356e+1
16.9636 2.3292e+7 -4.31667e+1 -1.89615e+1
16.9717 2.3481e+7 -2.75279e+1 -1.88744e+1
16.9798 2.3672e+7 -2.61550e+1 -1.85274e+1
16.9879 2.3865e+7 -2.88124e+1 -1.83212e+1
16.9960 2.4059e+7 -3.43397e+0 -1.77147e+1
17.0041 2.4255e+7 -1.48418e+1 -1.72128e+1
17.0122 2.4452e+7 -4.39545e+1 -1.70162e+1
17.0203 2.4651e+7 -2.19550e+1 -1.68996e+1
17.0284 2.4851e+7 -4.23446e+1 -1.68322e+1
17.0365 2.5053e+7 -3.40273e+1 -1.67501e+1
17.0446 2.5257e+7 2.47384e+0 -1.66235e+1
17.0527 2.5463e+7 1.69299e+1 -1.57963e+1
17.0608 2.5670e+7 2.36813e+1 -1.49358e+1
17.0689 2.5879e+7 3.78677e+1 -1.39616e+1
17.0770 2.6089e+7 5.51536e+1 -1.25567e+1
17.0851 2.6301e+7 6.53352e+1 -1.11431e+1
17.0932 2.6515e+7 6.44191e+1 -9.59463e+0
17.1013 2.6731e+7 4.94634e+1 -8.20719e+0
17.1094 2.6948e+7 5.34352e+1 -6.87375e+0
17.1175 2.7168e+7 5.63865e+1 -5.53212e+0
17.1256 2.7389e+7 3.38512e+1 -4.37136e+0
17.1337 2.7611e+7 4.47395e+1 -3.58549e+0
17.1418 2.7836e+7 5.81616e+1 -2.31819e+0
17.1499 2.8062e+7 6.05582e+1 -1.23623e+0
17.1580 2.8291e+7 7.77672e+1 -6.30182e-2
17.1661 2.8521e+7 6.20222e+1 1.27282e+0
17.1742 2.8753e+7 3.02758e+1 2.21420e+0
17.1823 2.8987e+7 5.31855e+1 2.94323e+0
17.1905 2.9223e+7 4.75235e+1 3.93162e+0
17.1986 2.9460e+7 5.95621e+1 4.85148e+0
17.2067 2.9700e+7 7.10149e+1 6.02118e+0
17.2148 2.9942e+7 7.78789e+1 6.98786e+0
17.2229 3.0185e+7 3.77266e+1 7.91570e+0
17.2310 3.0431e+7 3.58208e+1 8.38061e+0
17.2391 3.0678e+7 6.78453e+1 9.05395e+0
17.2472 3.0928e+7 8.66473e+1 1.01675e+1
17.2553 3.1179e+7 5.05068e+1 1.09292e+1
17.2634 3.1433e+7 3.90826e+1 1.12093e+1
17.2715 3.1689e+7 4.72604e+1 1.16521e+1
17.2796 3.1946e+7 4.98799e+1 1.19852e+1
17.2877 3.2206e+7 4.68122e+1 1.22517e+1
17.2958 3.2468e+7 1.95103e+1 1.21043e+1
17.3039 3.2732e+7 5.05197e+0 1.19552e+1
17.3120 3.2999e+7 1.66096e+1 1.14558e+1
17.3201 3.3267e+7 -8.12422e+0 1.07958e+1
17.3282 3.3538e+7 2.90228e+1 1.03239e+1
17.3363 3.3810e+7 6.11607e+1 1.03955e+1
17.3444 3.4086e+7 2.24271e+1 1.02602e+1
17.3525 3.4363e+7 3.88778e+1 9.81405e+0
17.3606 3.4642e+7 1.33474e+1 9.38848e+0
17.3687 3.4924e+7 2.43644e+1 8.78303e+0
17.3768 3.5208e+7 5.83343e+1 8.59401e+0
17.3849 3.5495e+7 4.84282e+1 8.42015e+0
17.3930 3.5783e+7 1.68535e+1 7.76699e+0
17.4011 3.6074e+7 1.73001e+1 6.74058e+0
17.4092 3.6368e+7 3.32843e+1 5.86327e+0
17.4173 3.6664e+7 -4.65211e+0 4.62071e+0
17.4254 3.6962e+7 1.39185e+1 3.51757e+0
17.4335 3.7263e+7 -3.19499e+1 2.20857e+0
17.4416 3.7566e+7 -4.75006e+1 4.99158e-2
17.4497 3.7871e+7 -2.93987e+1 -2.05840e+0
17.4578 3.8179e+7 -5.99189e+1 -4.44987e+0
17.4659 3.8490e+7 -6.57742e+1 -7.12082e+0
17.4740 3.8803e+7 -4.12352e+1 -9.79228e+0
17.4821 3.9119e+7 -3.99632e+1 -1.22275e+1
17.4902 3.9437e+7 -5.24319e+1 -1.48972e+1
17.4983 3.9758e+7 -1.01044e+2 -1.81695e+1
