u x n2
9.2103 1.0000e+4 -1.79298e+1
9.2178 1.0075e+4 -1.77739e+1
9.2252 1.0150e+4 -1.76213e+1
9.2326 1.0225e+4 -1.74737e+1
9.2400 1.0301e+4 -1.73247e+1
9.2475 1.0378e+4 -1.71793e+1
9.2549 1.0456e+4 -1.70424e+1
9.2623 1.0533e+4 -1.69045e+1
9.2697 1.0612e+4 -1.67766e+1
9.2772 1.0691e+4 -1.66692e+1
9.2846 1.0771e+4 -1.65676e+1
9.2920 1.0851e+4 -1.64567e+1
9.2994 1.0932e+4 -1.63552e+1
9.3069 1.1013e+4 -1.62642e+1
9.3143 1.1095e+4 -1.61958e+1
9.3217 1.1178e+4 -1.61079e+1
9.3291 1.1261e+4 -1.60105e+1
9.3366 1.1345e+4 -1.59085e+1
9.3440 1.1430e+4 -1.58032e+1
9.3514 1.1515e+4 -1.57042e+1
9.3588 1.1601e+4 -1.56182e+1
9.3663 1.1687e+4 -1.55210e+1
9.3737 1.1774e+4 -1.54193e+1
9.3811 1.1862e+4 -1.53167e+1
9.3885 1.1951e+4 -1.52191e+1
9.3960 1.2040e+4 -1.51066e+1
9.4034 1.2129e+4 -1.50005e+1
9.4108 1.2220e+4 -1.49031e+1
9.4182 1.2311e+4 -1.48067e+1
9.4257 1.2402e+4 -1.47048e+1
9.4331 1.2495e+4 -1.46062e+1
9.4405 1.2588e+4 -1.45039e+1
9.4479 1.2682e+4 -1.44019e+1
9.4554 1.2776e+4 -1.43041e+1
9.4628 1.2872e+4 -1.41926e+1
9.4702 1.2967e+4 -1.40750e+1
9.4776 1.3064e+4 -1.39612e+1
9.4850 1.3161e+4 -1.38623e+1
9.4925 1.3260e+4 -1.37652e+1
9.4999 1.3358e+4 -1.36827e+1
9.5073 1.3458e+4 -1.36043e+1
9.5147 1.3558e+4 -1.35245e+1
9.5222 1.3659e+4 -1.34487e+1
9.5296 1.3761e+4 -1.33726e+1
9.5370 1.3864e+4 -1.32997e+1
9.5444 1.3967e+4 -1.32318e+1
9.5519 1.4071e+4 -1.31542e+1
9.5593 1.4176e+4 -1.30728e+1
9.5667 1.4281e+4 -1.29842e+1
9.5741 1.4388e+4 -1.28909e+1
9.5816 1.4495e+4 -1.28004e+1
9.5890 1.4603e+4 -1.27039e+1
9.5964 1.4712e+4 -1.26067e+1
9.6038 1.4822e+4 -1.25200e+1
9.6113 1.4932e+4 -1.24234e+1
9.6187 1.5043e+4 -1.23301e+1
9.6261 1.5155e+4 -1.22593e+1
9.6335 1.5268e+4 -1.21912e+1
9.6410 1.5382e+4 -1.21258e+1
9.6484 1.5497e+4 -1.20578e+1
9.6558 1.5612e+4 -1.19825e+1
9.6632 1.5729e+4 -1.18954e+1
9.6707 1.5846e+4 -1.18048e+1
9.6781 1.5964e+4 -1.17263e+1
9.6855 1.6083e+4 -1.16364e+1
9.6929 1.6203e+4 -1.15309e+1
9.7004 1.6324e+4 -1.14277e+1
9.7078 1.6445e+4 -1.13229e+1
9.7152 1.6568e+4 -1.12082e+1
9.7226 1.6691e+4 -1.10783e+1
9.7301 1.6816e+4 -1.09477e+1
9.7375 1.6941e+4 -1.08237e+1
9.7449 1.7067e+4 -1.07037e+1
9.7523 1.7194e+4 -1.05839e+1
9.7598 1.7322e+4 -1.04675e+1
9.7672 1.7452e+4 -1.03671e+1
9.7746 1.7582e+4 -1.02707e+1
9.7820 1.7713e+4 -1.01862e+1
9.7895 1.7845e+4 -1.00948e+1
9.7969 1.7978e+4 -9.99547e+0
9.8043 1.8112e+4 -9.90888e+0
9.8117 1.8247e+4 -9.82135e+0
9.8192 1.8383e+4 -9.73107e+0
9.8266 1.8520e+4 -9.64499e+0
9.8340 1.8658e+4 -9.56303e+0
9.8414 1.8797e+4 -9.48384e+0
9.8489 1.8937e+4 -9.43309e+0
9.8563 1.9078e+4 -9.38020e+0
9.8637 1.9220e+4 -9.33614e+0
9.8711 1.9363e+4 -9.29393e+0
9.8786 1.9507e+4 -9.25119e+0
9.8860 1.9653e+4 -9.21272e+0
9.8934 1.9799e+4 -9.16726e+0
9.9008 1.9947e+4 -9.10216e+0
9.9082 2.0095e+4 -9.04345e+0
9.9157 2.0245e+4 -8.98620e+0
9.9231 2.0396e+4 -8.93786e+0
9.9305 2.0548e+4 -8.89076e+0
9.9379 2.0701e+4 -8.84163e+0
9.9454 2.0855e+4 -8.78455e+0
9.9528 2.1011e+4 -8.71677e+0
9.9602 2.1167e+4 -8.65049e+0
9.9676 2.1325e+4 -8.59295e+0
9.9751 2.1484e+4 -8.53007e+0
9.9825 2.1644e+4 -8.45192e+0
9.9899 2.1806e+4 -8.38492e+0
9.9973 2.1968e+4 -8.31701e+0
10.0048 2.2132e+4 -8.25649e+0
10.0122 2.2297e+4 -8.20219e+0
10.0196 2.2463e+4 -8.14035e+0
10.0270 2.2630e+4 -8.08709e+0
10.0345 2.2799e+4 -8.01806e+0
10.0419 2.2969e+4 -7.95086e+0
10.0493 2.3140e+4 -7.88582e+0
10.0567 2.3312e+4 -7.84169e+0
10.0642 2.3486e+4 -7.79566e+0
10.0716 2.3661e+4 -7.74123e+0
10.0790 2.3837e+4 -7.70290e+0
10.0864 2.4015e+4 -7.66236e+0
10.0939 2.4194e+4 -7.63095e+0
10.1013 2.4374e+4 -7.59457e+0
10.1087 2.4556e+4 -7.54462e+0
10.1161 2.4739e+4 -7.49453e+0
10.1236 2.4923e+4 -7.45174e+0
10.1310 2.5109e+4 -7.41438e+0
10.1384 2.5296e+4 -7.36999e+0
10.1458 2.5485e+4 -7.31421e+0
10.1533 2.5675e+4 -7.25679e+0
10.1607 2.5866e+4 -7.19032e+0
10.1681 2.6059e+4 -7.12999e+0
10.1755 2.6253e+4 -7.08203e+0
10.1830 2.6449e+4 -7.03773e+0
10.1904 2.6646e+4 -6.98770e+0
10.1978 2.6844e+4 -6.93267e+0
10.2052 2.7044e+4 -6.88853e+0
10.2127 2.7246e+4 -6.83586e+0
10.2201 2.7449e+4 -6.77747e+0
10.2275 2.7653e+4 -6.72031e+0
10.2349 2.7860e+4 -6.65968e+0
10.2424 2.8067e+4 -6.59896e+0
10.2498 2.8276e+4 -6.55069e+0
10.2572 2.8487e+4 -6.50271e+0
10.2646 2.8699e+4 -6.45060e+0
10.2721 2.8913e+4 -6.38979e+0
10.2795 2.9129e+4 -6.31699e+0
10.2869 2.9346e+4 -6.25519e+0
10.2943 2.9564e+4 -6.18947e+0
10.3018 2.9785e+4 -6.12217e+0
10.3092 3.0007e+4 -6.06277e+0
10.3166 3.0230e+4 -6.01167e+0
10.3240 3.0456e+4 -5.97663e+0
10.3315 3.0683e+4 -5.93817e+0
10.3389 3.0911e+4 -5.91180e+0
10.3463 3.1142e+4 -5.89594e+0
10.3537 3.1374e+4 -5.88253e+0
10.3611 3.1607e+4 -5.86116e+0
10.3686 3.1843e+4 -5.83114e+0
10.3760 3.2080e+4 -5.79288e+0
10.3834 3.2319e+4 -5.75466e+0
10.3908 3.2560e+4 -5.71055e+0
10.3983 3.2803e+4 -5.67519e+0
10.4057 3.3047e+4 -5.65485e+0
10.4131 3.3294e+4 -5.61699e+0
10.4205 3.3542e+4 -5.57782e+0
10.4280 3.3792e+4 -5.54446e+0
10.4354 3.4043e+4 -5.51265e+0
10.4428 3.4297e+4 -5.47693e+0
10.4502 3.4553e+4 -5.45616e+0
10.4577 3.4810e+4 -5.42789e+0
10.4651 3.5070e+4 -5.40411e+0
10.4725 3.5331e+4 -5.36708e+0
10.4799 3.5594e+4 -5.33341e+0
10.4874 3.5860e+4 -5.29281e+0
10.4948 3.6127e+4 -5.25422e+0
10.5022 3.6396e+4 -5.20562e+0
10.5096 3.6667e+4 -5.16174e+0
10.5171 3.6941e+4 -5.10790e+0
10.5245 3.7216e+4 -5.07537e+0
10.5319 3.7493e+4 -5.06283e+0
10.5393 3.7773e+4 -5.05672e+0
10.5468 3.8054e+4 -5.04189e+0
10.5542 3.8338e+4 -5.02426e+0
10.5616 3.8623e+4 -5.00325e+0
10.5690 3.8911e+4 -4.96301e+0
10.5765 3.9201e+4 -4.91551e+0
10.5839 3.9493e+4 -4.88157e+0
10.5913 3.9788e+4 -4.84878e+0
10.5987 4.0084e+4 -4.79563e+0
10.6062 4.0383e+4 -4.74223e+0
10.6136 4.0684e+4 -4.68798e+0
10.6210 4.0987e+4 -4.64704e+0
10.6284 4.1292e+4 -4.61205e+0
10.6359 4.1600e+4 -4.60202e+0
10.6433 4.1910e+4 -4.58222e+0
10.6507 4.2222e+4 -4.53988e+0
10.6581 4.2537e+4 -4.49457e+0
10.6656 4.2854e+4 -4.44089e+0
10.6730 4.3173e+4 -4.38054e+0
10.6804 4.3495e+4 -4.32928e+0
10.6878 4.3819e+4 -4.28214e+0
10.6953 4.4146e+4 -4.23897e+0
10.7027 4.4475e+4 -4.19748e+0
10.7101 4.4806e+4 -4.15555e+0
10.7175 4.5140e+4 -4.10626e+0
10.7250 4.5477e+4 -4.06992e+0
10.7324 4.5815e+4 -4.03131e+0
10.7398 4.6157e+4 -3.99132e+0
10.7472 4.6501e+4 -3.96695e+0
10.7547 4.6847e+4 -3.94028e+0
10.7621 4.7197e+4 -3.90747e+0
10.7695 4.7548e+4 -3.88116e+0
10.7769 4.7903e+4 -3.86216e+0
10.7843 4.8260e+4 -3.85639e+0
10.7918 4.8619e+4 -3.85353e+0
10.7992 4.8982e+4 -3.85595e+0
10.8066 4.9347e+4 -3.84070e+0
10.8140 4.9714e+4 -3.80583e+0
10.8215 5.0085e+4 -3.76175e+0
10.8289 5.0458e+4 -3.72671e+0
10.8363 5.0834e+4 -3.69794e+0
10.8437 5.1213e+4 -3.65107e+0
10.8512 5.1594e+4 -3.59447e+0
10.8586 5.1979e+4 -3.53672e+0
10.8660 5.2366e+4 -3.49366e+0
10.8734 5.2757e+4 -3.47118e+0
10.8809 5.3150e+4 -3.46301e+0
10.8883 5.3546e+4 -3.46178e+0
10.8957 5.3945e+4 -3.43628e+0
10.9031 5.4347e+4 -3.40065e+0
10.9106 5.4752e+4 -3.35244e+0
10.9180 5.5160e+4 -3.31476e+0
10.9254 5.5571e+4 -3.30075e+0
10.9328 5.5985e+4 -3.27844e+0
10.9403 5.6402e+4 -3.26074e+0
10.9477 5.6823e+4 -3.24361e+0
10.9551 5.7246e+4 -3.20878e+0
10.9625 5.7673e+4 -3.17797e+0
10.9700 5.8102e+4 -3.14613e+0
10.9774 5.8535e+4 -3.09773e+0
10.9848 5.8972e+4 -3.06489e+0
10.9922 5.9411e+4 -3.04794e+0
10.9997 5.9854e+4 -3.05070e+0
11.0071 6.0300e+4 -3.04050e+0
11.0145 6.0749e+4 -3.02153e+0
11.0219 6.1202e+4 -2.99567e+0
11.0294 6.1658e+4 -2.98486e+0
11.0368 6.2118e+4 -2.98904e+0
11.0442 6.2580e+4 -2.99191e+0
11.0516 6.3047e+4 -3.00369e+0
11.0591 6.3517e+4 -3.02056e+0
11.0665 6.3990e+4 -3.04137e+0
11.0739 6.4467e+4 -3.07378e+0
11.0813 6.4947e+4 -3.05767e+0
11.0888 6.5431e+4 -3.01487e+0
11.0962 6.5919e+4 -2.96901e+0
11.1036 6.6410e+4 -2.91603e+0
11.1110 6.6905e+4 -2.87643e+0
11.1185 6.7404e+4 -2.84633e+0
11.1259 6.7906e+4 -2.81958e+0
11.1333 6.8412e+4 -2.77772e+0
11.1407 6.8922e+4 -2.76319e+0
11.1482 6.9435e+4 -2.74784e+0
11.1556 6.9953e+4 -2.73042e+0
11.1630 7.0474e+4 -2.71474e+0
11.1704 7.0999e+4 -2.71186e+0
11.1779 7.1528e+4 -2.70411e+0
11.1853 7.2062e+4 -2.69660e+0
11.1927 7.2599e+4 -2.69461e+0
11.2001 7.3140e+4 -2.69998e+0
11.2075 7.3685e+4 -2.68914e+0
11.2150 7.4234e+4 -2.69257e+0
11.2224 7.4787e+4 -2.71053e+0
11.2298 7.5344e+4 -2.73155e+0
11.2372 7.5906e+4 -2.75881e+0
11.2447 7.6471e+4 -2.76305e+0
11.2521 7.7041e+4 -2.77497e+0
11.2595 7.7615e+4 -2.78110e+0
11.2669 7.8194e+4 -2.77131e+0
11.2744 7.8777e+4 -2.74223e+0
11.2818 7.9364e+4 -2.72518e+0
11.2892 7.9955e+4 -2.70864e+0
11.2966 8.0551e+4 -2.66956e+0
11.3041 8.1151e+4 -2.64438e+0
11.3115 8.1756e+4 -2.63401e+0
11.3189 8.2365e+4 -2.62460e+0
11.3263 8.2979e+4 -2.60818e+0
11.3338 8.3597e+4 -2.59244e+0
11.3412 8.4220e+4 -2.57506e+0
11.3486 8.4848e+4 -2.56065e+0
11.3560 8.5480e+4 -2.55073e+0
11.3635 8.6117e+4 -2.53641e+0
11.3709 8.6759e+4 -2.53469e+0
11.3783 8.7406e+4 -2.51376e+0
11.3857 8.8057e+4 -2.48702e+0
11.3932 8.8713e+4 -2.47190e+0
11.4006 8.9374e+4 -2.45283e+0
11.4080 9.0040e+4 -2.43147e+0
11.4154 9.0711e+4 -2.43930e+0
11.4229 9.1387e+4 -2.44534e+0
11.4303 9.2068e+4 -2.42520e+0
11.4377 9.2754e+4 -2.39559e+0
11.4451 9.3446e+4 -2.34920e+0
11.4526 9.4142e+4 -2.31344e+0
11.4600 9.4844e+4 -2.28071e+0
11.4674 9.5550e+4 -2.24845e+0
11.4748 9.6262e+4 -2.20989e+0
11.4823 9.6980e+4 -2.17446e+0
11.4897 9.7703e+4 -2.13250e+0
11.4971 9.8431e+4 -2.08014e+0
11.5045 9.9164e+4 -2.02695e+0
11.5120 9.9903e+4 -1.96931e+0
11.5194 1.0065e+5 -1.91677e+0
11.5268 1.0140e+5 -1.87166e+0
11.5342 1.0215e+5 -1.83337e+0
11.5417 1.0291e+5 -1.79312e+0
11.5491 1.0368e+5 -1.75824e+0
11.5565 1.0445e+5 -1.73398e+0
11.5639 1.0523e+5 -1.70417e+0
11.5714 1.0602e+5 -1.67549e+0
11.5788 1.0681e+5 -1.63139e+0
11.5862 1.0760e+5 -1.56618e+0
11.5936 1.0840e+5 -1.50776e+0
11.6011 1.0921e+5 -1.42221e+0
11.6085 1.1003e+5 -1.32736e+0
11.6159 1.1085e+5 -1.25479e+0
11.6233 1.1167e+5 -1.19378e+0
11.6307 1.1250e+5 -1.16071e+0
11.6382 1.1334e+5 -1.14368e+0
11.6456 1.1419e+5 -1.12263e+0
11.6530 1.1504e+5 -1.09718e+0
11.6604 1.1590e+5 -1.07784e+0
11.6679 1.1676e+5 -1.07007e+0
11.6753 1.1763e+5 -1.07603e+0
11.6827 1.1851e+5 -1.08057e+0
11.6901 1.1939e+5 -1.08756e+0
11.6976 1.2028e+5 -1.07874e+0
11.7050 1.2118e+5 -1.06511e+0
11.7124 1.2208e+5 -1.04692e+0
11.7198 1.2299e+5 -1.02260e+0
11.7273 1.2390e+5 -1.02787e+0
11.7347 1.2483e+5 -1.02451e+0
11.7421 1.2576e+5 -1.00153e+0
11.7495 1.2670e+5 -9.78984e-1
11.7570 1.2764e+5 -9.49049e-1
11.7644 1.2859e+5 -9.50584e-1
11.7718 1.2955e+5 -9.31331e-1
11.7792 1.3051e+5 -9.29670e-1
11.7867 1.3149e+5 -9.41152e-1
11.7941 1.3247e+5 -9.65255e-1
11.8015 1.3345e+5 -9.81358e-1
11.8089 1.3445e+5 -9.79302e-1
11.8164 1.3545e+5 -1.00025e+0
11.8238 1.3646e+5 -9.82995e-1
11.8312 1.3748e+5 -9.67658e-1
11.8386 1.3850e+5 -9.62475e-1
11.8461 1.3953e+5 -9.72505e-1
11.8535 1.4057e+5 -9.47173e-1
11.8609 1.4162e+5 -9.07337e-1
11.8683 1.4268e+5 -8.71549e-1
11.8758 1.4374e+5 -8.58542e-1
11.8832 1.4481e+5 -8.39146e-1
11.8906 1.4589e+5 -7.83311e-1
11.8980 1.4698e+5 -7.35013e-1
11.9055 1.4807e+5 -6.93742e-1
11.9129 1.4918e+5 -6.67609e-1
11.9203 1.5029e+5 -6.47947e-1
11.9277 1.5141e+5 -6.56626e-1
11.9352 1.5254e+5 -6.81488e-1
11.9426 1.5367e+5 -6.92574e-1
11.9500 1.5482e+5 -7.23784e-1
11.9574 1.5597e+5 -7.49087e-1
11.9649 1.5713e+5 -7.59947e-1
11.9723 1.5831e+5 -7.79713e-1
11.9797 1.5948e+5 -8.22813e-1
11.9871 1.6067e+5 -8.64561e-1
11.9946 1.6187e+5 -9.16859e-1
12.0020 1.6308e+5 -9.47849e-1
12.0094 1.6429e+5 -9.63739e-1
12.0168 1.6552e+5 -9.56591e-1
12.0243 1.6675e+5 -9.64026e-1
12.0317 1.6799e+5 -9.63584e-1
12.0391 1.6924e+5 -9.40680e-1
12.0465 1.7051e+5 -9.18195e-1
12.0540 1.7178e+5 -8.93981e-1
12.0614 1.7306e+5 -8.76661e-1
12.0688 1.7435e+5 -8.47251e-1
12.0762 1.7565e+5 -8.24856e-1
12.0836 1.7695e+5 -8.12284e-1
12.0911 1.7827e+5 -8.13502e-1
12.0985 1.7960e+5 -8.11240e-1
12.1059 1.8094e+5 -8.01076e-1
12.1133 1.8229e+5 -8.13414e-1
12.1208 1.8365e+5 -8.17919e-1
12.1282 1.8502e+5 -7.83253e-1
12.1356 1.8639e+5 -7.38695e-1
12.1430 1.8778e+5 -6.96809e-1
12.1505 1.8918e+5 -6.77518e-1
12.1579 1.9059e+5 -6.50262e-1
12.1653 1.9201e+5 -6.25915e-1
12.1727 1.9344e+5 -6.09426e-1
12.1802 1.9489e+5 -5.74436e-1
12.1876 1.9634e+5 -5.54893e-1
12.1950 1.9780e+5 -5.75194e-1
12.2024 1.9928e+5 -5.75526e-1
12.2099 2.0076e+5 -5.52067e-1
12.2173 2.0226e+5 -5.37907e-1
12.2247 2.0376e+5 -5.29235e-1
12.2321 2.0528e+5 -4.99214e-1
12.2396 2.0681e+5 -5.04285e-1
12.2470 2.0835e+5 -5.37984e-1
12.2544 2.0991e+5 -5.38481e-1
12.2618 2.1147e+5 -5.33737e-1
12.2693 2.1305e+5 -5.51965e-1
12.2767 2.1463e+5 -5.61392e-1
12.2841 2.1623e+5 -5.53337e-1
12.2915 2.1784e+5 -5.13866e-1
12.2990 2.1947e+5 -4.66899e-1
12.3064 2.2110e+5 -4.17401e-1
12.3138 2.2275e+5 -3.94396e-1
12.3212 2.2441e+5 -3.86254e-1
12.3287 2.2608e+5 -3.95169e-1
12.3361 2.2777e+5 -4.12670e-1
12.3435 2.2947e+5 -4.32051e-1
12.3509 2.3118e+5 -4.55277e-1
12.3584 2.3290e+5 -4.58763e-1
12.3658 2.3463e+5 -4.73085e-1
12.3732 2.3638e+5 -4.61167e-1
12.3806 2.3814e+5 -4.51178e-1
12.3881 2.3992e+5 -4.29703e-1
12.3955 2.4171e+5 -4.05841e-1
12.4029 2.4351e+5 -3.62175e-1
12.4103 2.4532e+5 -3.40402e-1
12.4178 2.4715e+5 -3.22296e-1
12.4252 2.4899e+5 -3.06058e-1
12.4326 2.5085e+5 -3.05846e-1
12.4400 2.5272e+5 -2.90626e-1
12.4475 2.5460e+5 -2.72801e-1
12.4549 2.5650e+5 -2.89356e-1
12.4623 2.5841e+5 -2.94069e-1
12.4697 2.6034e+5 -2.78946e-1
12.4772 2.6228e+5 -2.90262e-1
12.4846 2.6423e+5 -2.97825e-1
12.4920 2.6620e+5 -3.11536e-1
12.4994 2.6818e+5 -2.97944e-1
12.5068 2.7018e+5 -3.09713e-1
12.5143 2.7219e+5 -3.32799e-1
12.5217 2.7422e+5 -3.43252e-1
12.5291 2.7627e+5 -3.53437e-1
12.5365 2.7833e+5 -3.57704e-1
12.5440 2.8040e+5 -3.47581e-1
12.5514 2.8249e+5 -3.22204e-1
12.5588 2.8459e+5 -2.97964e-1
12.5662 2.8672e+5 -2.67582e-1
12.5737 2.8885e+5 -2.47389e-1
12.5811 2.9100e+5 -2.41924e-1
12.5885 2.9317e+5 -2.02020e-1
12.5959 2.9536e+5 -1.78470e-1
12.6034 2.9756e+5 -1.56321e-1
12.6108 2.9978e+5 -1.30879e-1
12.6182 3.0201e+5 -1.16082e-1
12.6256 3.0426e+5 -8.04828e-2
12.6331 3.0653e+5 -1.27754e-2
12.6405 3.0881e+5 3.05934e-2
12.6479 3.1111e+5 5.93258e-2
12.6553 3.1343e+5 9.98881e-2
12.6628 3.1577e+5 1.34057e-1
12.6702 3.1812e+5 1.67410e-1
12.6776 3.2049e+5 1.83667e-1
12.6850 3.2288e+5 1.69836e-1
12.6925 3.2529e+5 1.21546e-1
12.6999 3.2771e+5 1.02047e-1
12.7073 3.3015e+5 1.08692e-1
12.7147 3.3261e+5 1.11974e-1
12.7222 3.3509e+5 1.21677e-1
12.7296 3.3759e+5 1.69750e-1
12.7370 3.4011e+5 2.27899e-1
12.7444 3.4264e+5 2.62996e-1
12.7519 3.4519e+5 3.29909e-1
12.7593 3.4777e+5 3.80172e-1
12.7667 3.5036e+5 4.19035e-1
12.7741 3.5297e+5 4.11278e-1
12.7816 3.5560e+5 4.11504e-1
12.7890 3.5825e+5 3.85983e-1
12.7964 3.6092e+5 3.67550e-1
12.8038 3.6361e+5 3.57239e-1
12.8113 3.6632e+5 3.37997e-1
12.8187 3.6905e+5 3.35009e-1
12.8261 3.7180e+5 3.33051e-1
12.8335 3.7457e+5 3.57753e-1
12.8410 3.7736e+5 4.11046e-1
12.8484 3.8017e+5 4.25499e-1
12.8558 3.8301e+5 4.22677e-1
12.8632 3.8586e+5 3.96979e-1
12.8707 3.8873e+5 3.88135e-1
12.8781 3.9163e+5 3.56444e-1
12.8855 3.9455e+5 3.05281e-1
12.8929 3.9749e+5 2.26108e-1
12.9004 4.0045e+5 1.57869e-1
12.9078 4.0344e+5 9.51600e-2
12.9152 4.0644e+5 -1.82686e-3
12.9226 4.0947e+5 -7.99470e-2
12.9300 4.1252e+5 -1.44951e-1
12.9375 4.1560e+5 -1.86238e-1
12.9449 4.1870e+5 -2.02955e-1
12.9523 4.2182e+5 -2.06357e-1
12.9597 4.2496e+5 -2.15248e-1
12.9672 4.2813e+5 -2.67241e-1
12.9746 4.3132e+5 -2.91479e-1
12.9820 4.3453e+5 -2.89760e-1
12.9894 4.3777e+5 -2.70388e-1
12.9969 4.4103e+5 -2.70494e-1
13.0043 4.4432e+5 -2.64611e-1
13.0117 4.4763e+5 -2.98080e-1
13.0191 4.5096e+5 -3.35066e-1
13.0266 4.5433e+5 -3.64171e-1
13.0340 4.5771e+5 -3.73014e-1
13.0414 4.6112e+5 -3.88639e-1
13.0488 4.6456e+5 -4.22252e-1
13.0563 4.6802e+5 -4.55960e-1
13.0637 4.7151e+5 -4.86441e-1
13.0711 4.7502e+5 -4.94844e-1
13.0785 4.7856e+5 -5.11278e-1
13.0860 4.8213e+5 -5.18209e-1
13.0934 4.8572e+5 -5.29390e-1
13.1008 4.8934e+5 -5.10023e-1
13.1082 4.9299e+5 -4.77503e-1
13.1157 4.9666e+5 -4.74115e-1
13.1231 5.0036e+5 -4.86839e-1
13.1305 5.0409e+5 -4.86699e-1
13.1379 5.0785e+5 -4.56949e-1
13.1454 5.1163e+5 -4.52264e-1
13.1528 5.1545e+5 -4.49972e-1
13.1602 5.1929e+5 -4.51607e-1
13.1676 5.2316e+5 -4.27481e-1
13.1751 5.2706e+5 -4.12293e-1
13.1825 5.3098e+5 -4.08292e-1
13.1899 5.3494e+5 -4.03644e-1
13.1973 5.3893e+5 -3.96867e-1
13.2048 5.4294e+5 -3.81732e-1
13.2122 5.4699e+5 -3.62249e-1
13.2196 5.5106e+5 -3.36181e-1
13.2270 5.5517e+5 -2.89685e-1
13.2345 5.5931e+5 -2.70187e-1
13.2419 5.6348e+5 -2.40323e-1
13.2493 5.6768e+5 -2.23175e-1
13.2567 5.7191e+5 -2.10419e-1
13.2642 5.7617e+5 -1.86562e-1
13.2716 5.8046e+5 -1.96121e-1
13.2790 5.8479e+5 -1.98884e-1
13.2864 5.8915e+5 -2.11792e-1
13.2939 5.9354e+5 -2.27358e-1
13.3013 5.9796e+5 -2.28723e-1
13.3087 6.0242e+5 -2.17473e-1
13.3161 6.0690e+5 -2.03439e-1
13.3236 6.1143e+5 -1.92371e-1
13.3310 6.1598e+5 -1.72570e-1
13.3384 6.2057e+5 -1.50353e-1
13.3458 6.2520e+5 -1.31696e-1
13.3532 6.2986e+5 -1.00601e-1
13.3607 6.3455e+5 -8.89194e-2
13.3681 6.3928e+5 -7.62099e-2
13.3755 6.4404e+5 -7.87041e-2
13.3829 6.4884e+5 -9.43826e-2
13.3904 6.5368e+5 -1.01348e-1
13.3978 6.5855e+5 -1.23111e-1
13.4052 6.6346e+5 -1.11459e-1
13.4126 6.6840e+5 -1.02955e-1
13.4201 6.7338e+5 -8.69797e-2
13.4275 6.7840e+5 -9.02030e-2
13.4349 6.8346e+5 -7.53761e-2
13.4423 6.8855e+5 -4.88927e-2
13.4498 6.9368e+5 -4.50507e-2
13.4572 6.9885e+5 -8.13436e-2
13.4646 7.0406e+5 -1.06157e-1
13.4720 7.0931e+5 -1.26872e-1
13.4795 7.1459e+5 -1.21729e-1
13.4869 7.1992e+5 -1.12152e-1
13.4943 7.2528e+5 -1.29255e-1
13.5017 7.3069e+5 -1.66539e-1
13.5092 7.3613e+5 -1.80102e-1
13.5166 7.4162e+5 -1.74697e-1
13.5240 7.4715e+5 -1.56899e-1
13.5314 7.5271e+5 -1.08487e-1
13.5389 7.5832e+5 -8.60810e-2
13.5463 7.6397e+5 -5.79172e-2
13.5537 7.6967e+5 -5.09371e-2
13.5611 7.7540e+5 -6.36458e-2
13.5686 7.8118e+5 -9.11534e-2
13.5760 7.8700e+5 -1.07449e-1
13.5834 7.9287e+5 -1.29184e-1
13.5908 7.9878e+5 -1.57062e-1
13.5983 8.0473e+5 -1.98016e-1
13.6057 8.1073e+5 -2.32142e-1
13.6131 8.1677e+5 -2.56084e-1
13.6205 8.2285e+5 -3.02708e-1
13.6280 8.2899e+5 -3.25204e-1
13.6354 8.3516e+5 -3.42580e-1
13.6428 8.4139e+5 -3.41785e-1
13.6502 8.4766e+5 -3.21835e-1
13.6577 8.5397e+5 -3.02210e-1
13.6651 8.6034e+5 -2.83075e-1
13.6725 8.6675e+5 -2.66210e-1
13.6799 8.7321e+5 -2.58935e-1
13.6874 8.7972e+5 -2.36827e-1
13.6948 8.8627e+5 -2.04369e-1
13.7022 8.9288e+5 -1.77779e-1
13.7096 8.9953e+5 -1.56938e-1
13.7171 9.0623e+5 -1.47499e-1
13.7245 9.1299e+5 -1.60100e-1
13.7319 9.1979e+5 -1.33971e-1
13.7393 9.2665e+5 -9.75906e-2
13.7468 9.3355e+5 -5.85053e-2
13.7542 9.4051e+5 -4.11634e-2
13.7616 9.4752e+5 -2.88770e-2
13.7690 9.5458e+5 -2.78049e-2
13.7765 9.6169e+5 -4.13156e-2
13.7839 9.6886e+5 -3.78599e-2
13.7913 9.7608e+5 -3.87733e-2
13.7987 9.8335e+5 -1.86247e-2
13.8061 9.9068e+5 8.59207e-3
13.8136 9.9806e+5 9.99775e-3
13.8210 1.0055e+6 -2.39022e-2
13.8284 1.0130e+6 -4.76655e-2
13.8358 1.0205e+6 -8.01042e-2
13.8433 1.0281e+6 -7.55484e-2
13.8507 1.0358e+6 -7.97941e-2
13.8581 1.0435e+6 -7.41005e-2
13.8655 1.0513e+6 -7.82307e-2
13.8730 1.0591e+6 -4.82313e-2
13.8804 1.0670e+6 -2.18774e-2
13.8878 1.0750e+6 -4.12502e-3
13.8952 1.0830e+6 -1.70126e-2
13.9027 1.0911e+6 -4.90218e-2
13.9101 1.0992e+6 -7.02012e-2
13.9175 1.1074e+6 -1.09638e-1
13.9249 1.1156e+6 -8.72497e-2
13.9324 1.1240e+6 -8.11238e-2
13.9398 1.1323e+6 -5.82259e-2
13.9472 1.1408e+6 -3.26301e-2
13.9546 1.1493e+6 -1.98533e-2
13.9621 1.1578e+6 -8.83993e-3
13.9695 1.1665e+6 3.09828e-2
13.9769 1.1752e+6 7.13740e-2
13.9843 1.1839e+6 1.05574e-1
13.9918 1.1927e+6 1.12819e-1
13.9992 1.2016e+6 9.21786e-2
14.0066 1.2106e+6 7.33042e-2
14.0140 1.2196e+6 7.72617e-2
14.0215 1.2287e+6 8.91046e-2
14.0289 1.2378e+6 1.15700e-1
14.0363 1.2471e+6 1.29216e-1
14.0437 1.2564e+6 1.36087e-1
14.0512 1.2657e+6 1.22688e-1
14.0586 1.2752e+6 1.20635e-1
14.0660 1.2847e+6 1.04952e-1
14.0734 1.2942e+6 9.47625e-2
14.0809 1.3039e+6 1.32300e-1
14.0883 1.3136e+6 1.67291e-1
14.0957 1.3234e+6 1.92525e-1
14.1031 1.3333e+6 2.26216e-1
14.1106 1.3432e+6 2.39508e-1
14.1180 1.3532e+6 2.34664e-1
14.1254 1.3633e+6 2.40574e-1
14.1328 1.3734e+6 2.48964e-1
14.1403 1.3837e+6 2.67565e-1
14.1477 1.3940e+6 2.87083e-1
14.1551 1.4044e+6 2.89700e-1
14.1625 1.4148e+6 2.75676e-1
14.1700 1.4254e+6 2.98074e-1
14.1774 1.4360e+6 3.39027e-1
14.1848 1.4467e+6 3.67272e-1
14.1922 1.4575e+6 3.72819e-1
14.1997 1.4684e+6 3.55484e-1
14.2071 1.4793e+6 3.38103e-1
14.2145 1.4903e+6 3.49856e-1
14.2219 1.5014e+6 4.12104e-1
14.2293 1.5126e+6 4.59010e-1
14.2368 1.5239e+6 4.92316e-1
14.2442 1.5352e+6 5.17484e-1
14.2516 1.5467e+6 5.02322e-1
14.2590 1.5582e+6 4.77391e-1
14.2665 1.5698e+6 4.87272e-1
14.2739 1.5815e+6 5.06221e-1
14.2813 1.5933e+6 5.45783e-1
14.2887 1.6052e+6 5.80342e-1
14.2962 1.6171e+6 6.05212e-1
14.3036 1.6292e+6 6.46520e-1
14.3110 1.6413e+6 6.79160e-1
14.3184 1.6536e+6 6.83711e-1
14.3259 1.6659e+6 7.15323e-1
14.3333 1.6783e+6 7.14195e-1
14.3407 1.6908e+6 7.27042e-1
14.3481 1.7034e+6 7.22701e-1
14.3556 1.7161e+6 6.88905e-1
14.3630 1.7289e+6 6.57440e-1
14.3704 1.7418e+6 5.97190e-1
14.3778 1.7548e+6 5.43885e-1
14.3853 1.7678e+6 5.29250e-1
14.3927 1.7810e+6 5.24778e-1
14.4001 1.7943e+6 4.92588e-1
14.4075 1.8077e+6 4.73778e-1
14.4150 1.8211e+6 4.76721e-1
14.4224 1.8347e+6 4.80427e-1
14.4298 1.8484e+6 4.91089e-1
14.4372 1.8621e+6 5.34609e-1
14.4447 1.8760e+6 5.75222e-1
14.4521 1.8900e+6 6.28237e-1
14.4595 1.9041e+6 6.72808e-1
14.4669 1.9183e+6 6.89991e-1
14.4744 1.9326e+6 7.28457e-1
14.4818 1.9470e+6 7.51370e-1
14.4892 1.9615e+6 8.01069e-1
14.4966 1.9761e+6 8.24932e-1
14.5041 1.9908e+6 8.45225e-1
14.5115 2.0057e+6 8.48810e-1
14.5189 2.0206e+6 8.75214e-1
14.5263 2.0357e+6 8.94074e-1
14.5338 2.0508e+6 9.17524e-1
14.5412 2.0661e+6 8.98518e-1
14.5486 2.0815e+6 8.57868e-1
14.5560 2.0970e+6 7.91352e-1
14.5635 2.1127e+6 7.30556e-1
14.5709 2.1284e+6 7.08811e-1
14.5783 2.1443e+6 7.14238e-1
14.5857 2.1602e+6 6.85860e-1
14.5932 2.1763e+6 6.08161e-1
14.6006 2.1926e+6 4.97011e-1
14.6080 2.2089e+6 4.13951e-1
14.6154 2.2254e+6 3.45948e-1
14.6229 2.2419e+6 2.93501e-1
14.6303 2.2586e+6 2.88901e-1
14.6377 2.2755e+6 3.03554e-1
14.6451 2.2924e+6 3.16150e-1
14.6525 2.3095e+6 3.03988e-1
14.6600 2.3267e+6 2.91528e-1
14.6674 2.3441e+6 2.83538e-1
14.6748 2.3615e+6 2.78977e-1
14.6822 2.3791e+6 2.49227e-1
14.6897 2.3969e+6 2.50969e-1
14.6971 2.4147e+6 2.30207e-1
14.7045 2.4327e+6 2.25613e-1
14.7119 2.4509e+6 1.88581e-1
14.7194 2.4691e+6 1.52795e-1
14.7268 2.4875e+6 1.27849e-1
14.7342 2.5061e+6 8.34011e-2
14.7416 2.5247e+6 4.14069e-2
14.7491 2.5435e+6 1.33925e-2
14.7565 2.5625e+6 -2.90995e-2
14.7639 2.5816e+6 -5.97592e-2
14.7713 2.6008e+6 -8.81245e-2
14.7788 2.6202e+6 -8.99671e-2
14.7862 2.6397e+6 -1.55593e-1
14.7936 2.6594e+6 -1.97125e-1
14.8010 2.6792e+6 -2.21812e-1
14.8085 2.6992e+6 -2.55451e-1
14.8159 2.7193e+6 -2.88737e-1
14.8233 2.7396e+6 -3.66175e-1
14.8307 2.7600e+6 -4.33629e-1
14.8382 2.7806e+6 -4.74436e-1
14.8456 2.8013e+6 -5.05365e-1
14.8530 2.8222e+6 -5.30079e-1
14.8604 2.8432e+6 -5.26577e-1
14.8679 2.8644e+6 -5.30350e-1
14.8753 2.8857e+6 -5.36015e-1
14.8827 2.9072e+6 -5.35482e-1
14.8901 2.9289e+6 -5.47099e-1
14.8976 2.9507e+6 -5.48325e-1
14.9050 2.9727e+6 -5.21093e-1
14.9124 2.9949e+6 -5.30704e-1
14.9198 3.0172e+6 -5.35395e-1
14.9273 3.0397e+6 -5.68812e-1
14.9347 3.0623e+6 -5.82846e-1
14.9421 3.0851e+6 -5.49648e-1
14.9495 3.1081e+6 -5.03776e-1
14.9570 3.1313e+6 -4.49843e-1
14.9644 3.1546e+6 -4.06799e-1
14.9718 3.1781e+6 -3.26418e-1
14.9792 3.2018e+6 -2.51736e-1
14.9867 3.2257e+6 -1.96024e-1
14.9941 3.2497e+6 -1.48193e-1
15.0015 3.2739e+6 -9.66987e-2
15.0089 3.2983e+6 -1.94000e-2
15.0164 3.3229e+6 2.40567e-2
15.0238 3.3477e+6 3.87873e-2
15.0312 3.3726e+6 2.92185e-2
15.0386 3.3978e+6 3.20372e-2
15.0461 3.4231e+6 5.60410e-2
15.0535 3.4486e+6 1.07436e-1
15.0609 3.4743e+6 1.71339e-1
15.0683 3.5002e+6 2.10285e-1
15.0757 3.5263e+6 2.25243e-1
15.0832 3.5525e+6 2.10799e-1
15.0906 3.5790e+6 2.28770e-1
15.0980 3.6057e+6 2.40904e-1
15.1054 3.6326e+6 2.43366e-1
15.1129 3.6596e+6 2.60963e-1
15.1203 3.6869e+6 2.86453e-1
15.1277 3.7144e+6 3.34007e-1
15.1351 3.7421e+6 3.51404e-1
15.1426 3.7699e+6 3.58267e-1
15.1500 3.7980e+6 3.55104e-1
15.1574 3.8263e+6 3.74466e-1
15.1648 3.8549e+6 3.43778e-1
15.1723 3.8836e+6 3.44059e-1
15.1797 3.9125e+6 3.32595e-1
15.1871 3.9417e+6 3.87161e-1
15.1945 3.9711e+6 4.86869e-1
15.2020 4.0007e+6 5.51542e-1
15.2094 4.0305e+6 6.35346e-1
15.2168 4.0605e+6 7.09689e-1
15.2242 4.0908e+6 7.90186e-1
15.2317 4.1212e+6 8.38319e-1
15.2391 4.1520e+6 8.73487e-1
15.2465 4.1829e+6 9.09470e-1
15.2539 4.2141e+6 9.01337e-1
15.2614 4.2455e+6 8.68334e-1
15.2688 4.2771e+6 8.69073e-1
15.2762 4.3090e+6 8.70141e-1
15.2836 4.3411e+6 8.36926e-1
15.2911 4.3734e+6 8.31508e-1
15.2985 4.4060e+6 8.53939e-1
15.3059 4.4389e+6 8.30551e-1
15.3133 4.4720e+6 8.11286e-1
15.3208 4.5053e+6 7.80012e-1
15.3282 4.5389e+6 7.37595e-1
15.3356 4.5727e+6 7.04514e-1
15.3430 4.6068e+6 6.54019e-1
15.3505 4.6411e+6 5.71443e-1
15.3579 4.6757e+6 4.88925e-1
15.3653 4.7105e+6 4.01854e-1
15.3727 4.7456e+6 3.37986e-1
15.3802 4.7810e+6 3.15644e-1
15.3876 4.8166e+6 2.76551e-1
15.3950 4.8525e+6 2.15798e-1
15.4024 4.8887e+6 1.79023e-1
15.4099 4.9251e+6 1.06294e-1
15.4173 4.9618e+6 4.36396e-2
15.4247 4.9988e+6 -1.08308e-2
15.4321 5.0360e+6 -5.49070e-2
15.4396 5.0736e+6 -9.72664e-2
15.4470 5.1114e+6 -1.41670e-1
15.4544 5.1495e+6 -1.79968e-1
15.4618 5.1878e+6 -2.05636e-1
15.4693 5.2265e+6 -2.05736e-1
15.4767 5.2654e+6 -2.45619e-1
15.4841 5.3047e+6 -2.88770e-1
15.4915 5.3442e+6 -3.32425e-1
15.4990 5.3840e+6 -3.45401e-1
15.5064 5.4242e+6 -3.58327e-1
15.5138 5.4646e+6 -3.68008e-1
15.5212 5.5053e+6 -3.57973e-1
15.5286 5.5463e+6 -3.92132e-1
15.5361 5.5877e+6 -3.80067e-1
15.5435 5.6293e+6 -3.59526e-1
15.5509 5.6713e+6 -3.17015e-1
15.5583 5.7135e+6 -3.12737e-1
15.5658 5.7561e+6 -3.00928e-1
15.5732 5.7990e+6 -2.77278e-1
15.5806 5.8422e+6 -2.33018e-1
15.5880 5.8858e+6 -1.56181e-1
15.5955 5.9296e+6 -7.07757e-2
15.6029 5.9738e+6 -4.23560e-2
15.6103 6.0183e+6 -6.84298e-2
15.6177 6.0632e+6 -1.03793e-1
15.6252 6.1084e+6 -1.23984e-1
15.6326 6.1539e+6 -1.04370e-1
15.6400 6.1997e+6 -1.13574e-1
15.6474 6.2459e+6 -1.38262e-1
15.6549 6.2925e+6 -1.17308e-1
15.6623 6.3394e+6 -8.45221e-2
15.6697 6.3866e+6 -3.62318e-2
15.6771 6.4342e+6 -3.26107e-3
15.6846 6.4822e+6 -3.01305e-2
15.6920 6.5305e+6 -4.78428e-2
15.6994 6.5791e+6 -4.42047e-2
15.7068 6.6282e+6 -4.72309e-2
15.7143 6.6776e+6 -5.11627e-2
15.7217 6.7273e+6 -6.32670e-2
15.7291 6.7775e+6 -6.98368e-2
15.7365 6.8280e+6 -9.31787e-2
15.7440 6.8788e+6 -1.05340e-1
15.7514 6.9301e+6 -1.22844e-1
15.7588 6.9818e+6 -1.54123e-1
15.7662 7.0338e+6 -1.62288e-1
15.7737 7.0862e+6 -2.07529e-1
15.7811 7.1390e+6 -2.61554e-1
15.7885 7.1922e+6 -2.63361e-1
15.7959 7.2458e+6 -2.62236e-1
15.8034 7.2998e+6 -3.07916e-1
15.8108 7.3542e+6 -3.09691e-1
15.8182 7.4090e+6 -2.87418e-1
15.8256 7.4642e+6 -2.56249e-1
15.8331 7.5198e+6 -2.53341e-1
15.8405 7.5759e+6 -2.72724e-1
15.8479 7.6323e+6 -2.92014e-1
15.8553 7.6892e+6 -3.10803e-1
15.8628 7.7465e+6 -3.16872e-1
15.8702 7.8042e+6 -2.96825e-1
15.8776 7.8624e+6 -3.12658e-1
15.8850 7.9210e+6 -3.54490e-1
15.8925 7.9800e+6 -3.97764e-1
15.8999 8.0395e+6 -3.82646e-1
15.9073 8.0994e+6 -3.97160e-1
15.9147 8.1598e+6 -3.61070e-1
15.9222 8.2206e+6 -3.30228e-1
15.9296 8.2818e+6 -3.24043e-1
15.9370 8.3436e+6 -2.99200e-1
15.9444 8.4057e+6 -3.53450e-1
15.9518 8.4684e+6 -4.28299e-1
15.9593 8.5315e+6 -4.78922e-1
15.9667 8.5951e+6 -5.00409e-1
15.9741 8.6591e+6 -4.98507e-1
15.9815 8.7236e+6 -5.30810e-1
15.9890 8.7887e+6 -5.64254e-1
15.9964 8.8541e+6 -6.05786e-1
16.0038 8.9201e+6 -6.08189e-1
16.0112 8.9866e+6 -5.68207e-1
16.0187 9.0536e+6 -5.19674e-1
16.0261 9.1210e+6 -4.82056e-1
16.0335 9.1890e+6 -4.53703e-1
16.0409 9.2575e+6 -4.31801e-1
16.0484 9.3265e+6 -3.82863e-1
16.0558 9.3960e+6 -3.39705e-1
16.0632 9.4660e+6 -3.59908e-1
16.0706 9.5365e+6 -3.79894e-1
16.0781 9.6076e+6 -3.73260e-1
16.0855 9.6792e+6 -3.94940e-1
16.0929 9.7513e+6 -3.73311e-1
16.1003 9.8240e+6 -3.41861e-1
16.1078 9.8972e+6 -3.28196e-1
16.1152 9.9710e+6 -2.69664e-1
16.1226 1.0045e+7 -2.24817e-1
16.1300 1.0120e+7 -1.96620e-1
16.1375 1.0196e+7 -1.71654e-1
16.1449 1.0272e+7 -1.58798e-1
16.1523 1.0348e+7 -1.21041e-1
16.1597 1.0425e+7 -9.68015e-2
16.1672 1.0503e+7 -9.11393e-2
16.1746 1.0581e+7 -7.21076e-2
16.1820 1.0660e+7 -2.87272e-2
16.1894 1.0739e+7 2.30253e-2
16.1969 1.0819e+7 7.93161e-2
16.2043 1.0900e+7 1.48796e-1
16.2117 1.0981e+7 2.08173e-1
16.2191 1.1063e+7 2.44049e-1
16.2266 1.1146e+7 2.69474e-1
16.2340 1.1229e+7 2.61540e-1
16.2414 1.1312e+7 2.96984e-1
16.2488 1.1397e+7 3.21161e-1
16.2563 1.1482e+7 3.18978e-1
16.2637 1.1567e+7 3.14283e-1
16.2711 1.1653e+7 3.22834e-1
16.2785 1.1740e+7 3.44360e-1
16.2860 1.1828e+7 3.46187e-1
16.2934 1.1916e+7 3.32223e-1
16.3008 1.2005e+7 3.19972e-1
16.3082 1.2094e+7 3.33097e-1
16.3157 1.2184e+7 3.45042e-1
16.3231 1.2275e+7 3.65035e-1
16.3305 1.2367e+7 3.65059e-1
16.3379 1.2459e+7 3.26625e-1
16.3454 1.2552e+7 3.76417e-1
16.3528 1.2645e+7 3.97362e-1
16.3602 1.2739e+7 3.96532e-1
16.3676 1.2834e+7 4.21961e-1
16.3750 1.2930e+7 4.73850e-1
16.3825 1.3026e+7 4.44601e-1
16.3899 1.3123e+7 4.51778e-1
16.3973 1.3221e+7 4.33876e-1
16.4047 1.3320e+7 3.92729e-1
16.4122 1.3419e+7 3.51821e-1
16.4196 1.3519e+7 3.14833e-1
16.4270 1.3620e+7 2.55845e-1
16.4344 1.3721e+7 2.43750e-1
16.4419 1.3823e+7 2.83640e-1
16.4493 1.3926e+7 2.95810e-1
16.4567 1.4030e+7 2.63770e-1
16.4641 1.4135e+7 2.33204e-1
16.4716 1.4240e+7 2.15017e-1
16.4790 1.4346e+7 1.89427e-1
16.4864 1.4453e+7 1.25314e-1
16.4938 1.4561e+7 1.06961e-1
16.5013 1.4669e+7 1.64446e-1
16.5087 1.4779e+7 1.23017e-1
16.5161 1.4889e+7 8.68756e-2
16.5235 1.5000e+7 3.15929e-2
16.5310 1.5111e+7 4.89687e-2
16.5384 1.5224e+7 4.63111e-2
16.5458 1.5338e+7 4.57467e-2
16.5532 1.5452e+7 6.54832e-2
16.5607 1.5567e+7 4.32969e-2
16.5681 1.5683e+7 -4.35609e-2
16.5755 1.5800e+7 -1.17239e-1
16.5829 1.5918e+7 -1.32712e-1
16.5904 1.6036e+7 -9.94540e-2
16.5978 1.6156e+7 -9.23928e-2
16.6052 1.6276e+7 -9.55965e-2
16.6126 1.6397e+7 -7.04698e-2
16.6201 1.6520e+7 -7.51703e-2
16.6275 1.6643e+7 -1.20962e-1
16.6349 1.6767e+7 -1.41956e-1
16.6423 1.6892e+7 -1.69936e-1
16.6498 1.7018e+7 -2.00504e-1
16.6572 1.7144e+7 -2.44988e-1
16.6646 1.7272e+7 -2.60618e-1
16.6720 1.7401e+7 -2.64275e-1
16.6795 1.7531e+7 -2.46581e-1
16.6869 1.7661e+7 -3.00170e-1
16.6943 1.7793e+7 -3.37095e-1
16.7017 1.7925e+7 -3.15327e-1
16.7092 1.8059e+7 -3.05956e-1
16.7166 1.8194e+7 -2.92320e-1
16.7240 1.8329e+7 -2.68636e-1
16.7314 1.8466e+7 -2.55759e-1
16.7389 1.8603e+7 -2.02760e-1
16.7463 1.8742e+7 -1.72827e-1
16.7537 1.8882e+7 -1.25316e-1
16.7611 1.9022e+7 -6.82349e-2
16.7686 1.9164e+7 -5.20989e-2
16.7760 1.9307e+7 1.51576e-2
16.7834 1.9451e+7 1.44087e-1
16.7908 1.9596e+7 3.11852e-1
16.7982 1.9742e+7 4.13953e-1
16.8057 1.9889e+7 5.05063e-1
