om d2
4.000 0.2356
4.020 0.2183
4.040 0.1998
4.060 0.1800
4.080 0.1590
4.100 0.1367
4.120 0.1133
4.140 0.0887
4.160 0.0631
4.180 0.0365
4.200 0.0090
4.220 -0.0191
4.240 -0.0478
4.260 -0.0767
4.280 -0.1056
4.300 -0.1340
4.320 -0.1616
4.340 -0.1879
4.360 -0.2122
4.380 -0.2340
4.400 -0.2527
4.420 -0.2677
4.440 -0.2785
4.460 -0.2847
4.480 -0.2862
4.500 -0.2828
4.520 -0.2749
4.540 -0.2626
4.560 -0.2466
4.580 -0.2272
4.600 -0.2053
4.620 -0.1812
4.640 -0.1557
4.660 -0.1293
4.680 -0.1022
4.700 -0.0751
4.720 -0.0481
4.740 -0.0216
4.760 0.0043
4.780 0.0294
4.800 0.0536
4.820 0.0767
4.840 0.0987
4.860 0.1196
4.880 0.1392
4.900 0.1577
4.920 0.1749
4.940 0.1909
4.960 0.2056
4.980 0.2190
5.000 0.2312
5.020 0.2421
5.040 0.2518
5.060 0.2603
5.080 0.2675
5.100 0.2734
5.120 0.2782
5.140 0.2816
5.160 0.2839
5.180 0.2849
5.200 0.2846
5.220 0.2832
5.240 0.2804
5.260 0.2764
5.280 0.2711
5.300 0.2645
5.320 0.2566
5.340 0.2474
5.360 0.2368
5.380 0.2248
5.400 0.2114
5.420 0.1965
5.440 0.1801
5.460 0.1622
5.480 0.1427
5.500 0.1215
5.520 0.0986
5.540 0.0738
5.560 0.0472
5.580 0.0185
5.600 -0.0123
5.620 -0.0454
5.640 -0.0809
5.660 -0.1190
5.680 -0.1600
5.700 -0.2041
5.720 -0.2516
5.740 -0.3028
5.760 -0.3582
5.780 -0.4184
5.800 -0.4839
5.820 -0.5556
5.840 -0.6344
5.860 -0.7217
5.880 -0.8189
5.900 -0.9282
5.920 -1.0519
5.940 -1.1932
5.960 -1.3546
5.980 -1.5352
6.000 -1.7198
6.020 -1.8540
6.040 -1.8532
6.060 -1.7166
6.080 -1.5288
6.100 -1.3445
6.120 -1.1792
6.140 -1.0341
6.160 -0.9062
6.180 -0.7928
6.200 -0.6912
6.220 -0.5994
6.240 -0.5158
6.260 -0.4391
6.280 -0.3683
6.300 -0.3026
6.320 -0.2412
6.340 -0.1838
6.360 -0.1298
6.380 -0.0788
6.400 -0.0306
6.420 0.0151
6.440 0.0586
6.460 0.1001
6.480 0.1396
6.500 0.1774
6.520 0.2135
6.540 0.2482
6.560 0.2814
6.580 0.3132
6.600 0.3438
6.620 0.3732
6.640 0.4014
6.660 0.4285
6.680 0.4545
6.700 0.4795
6.720 0.5035
6.740 0.5265
6.760 0.5486
6.780 0.5697
6.800 0.5899
6.820 0.6092
6.840 0.6277
6.860 0.6452
6.880 0.6619
6.900 0.6778
6.920 0.6928
6.940 0.7070
6.960 0.7204
6.980 0.7330
7.000 0.7447
7.020 0.7556
7.040 0.7657
7.060 0.7750
7.080 0.7835
7.100 0.7912
7.120 0.7981
7.140 0.8042
7.160 0.8095
7.180 0.8140
7.200 0.8176
7.220 0.8205
7.240 0.8226
7.260 0.8238
7.280 0.8243
7.300 0.8239
7.320 0.8227
7.340 0.8207
7.360 0.8178
7.380 0.8142
7.400 0.8097
7.420 0.8043
7.440 0.7981
7.460 0.7910
7.480 0.7831
7.500 0.7743
7.520 0.7647
7.540 0.7541
7.560 0.7427
7.580 0.7303
7.600 0.7170
7.620 0.7028
7.640 0.6876
7.660 0.6715
7.680 0.6544
7.700 0.6364
7.720 0.6173
7.740 0.5972
7.760 0.5760
7.780 0.5538
7.800 0.5305
7.820 0.5060
7.840 0.4805
7.860 0.4537
7.880 0.4258
7.900 0.3967
7.920 0.3663
7.940 0.3346
7.960 0.3016
7.980 0.2673
8.000 0.2315
8.020 0.1943
8.040 0.1557
8.060 0.1155
8.080 0.0739
8.100 0.0306
8.120 -0.0142
8.140 -0.0606
8.160 -0.1087
8.180 -0.1583
8.200 -0.2095
8.220 -0.2621
8.240 -0.3161
8.260 -0.3712
8.280 -0.4272
8.300 -0.4836
8.320 -0.5400
8.340 -0.5957
8.360 -0.6497
8.380 -0.7012
8.400 -0.7488
8.420 -0.7914
8.440 -0.8278
8.460 -0.8569
8.480 -0.8780
8.500 -0.8911
8.520 -0.8963
8.540 -0.8945
8.560 -0.8868
8.580 -0.8744
8.600 -0.8585
8.620 -0.8404
8.640 -0.8210
8.660 -0.8011
8.680 -0.7815
8.700 -0.7625
8.720 -0.7446
8.740 -0.7280
8.760 -0.7130
8.780 -0.6996
8.800 -0.6880
8.820 -0.6783
8.840 -0.6703
8.860 -0.6643
8.880 -0.6602
8.900 -0.6579
8.920 -0.6576
8.940 -0.6591
8.960 -0.6625
8.980 -0.6679
9.000 -0.6751
9.020 -0.6843
9.040 -0.6953
9.060 -0.7083
9.080 -0.7233
9.100 -0.7401
9.120 -0.7590
9.140 -0.7797
9.160 -0.8024
9.180 -0.8269
9.200 -0.8532
9.220 -0.8810
9.240 -0.9102
9.260 -0.9403
9.280 -0.9709
9.300 -1.0013
9.320 -1.0304
9.340 -1.0571
9.360 -1.0798
9.380 -1.0968
9.400 -1.1063
9.420 -1.1069
9.440 -1.0972
9.460 -1.0769
9.480 -1.0464
9.500 -1.0068
9.520 -0.9595
9.540 -0.9064
9.560 -0.8492
9.580 -0.7895
9.600 -0.7283
9.620 -0.6668
9.640 -0.6056
9.660 -0.5452
9.680 -0.4861
9.700 -0.4284
9.720 -0.3723
9.740 -0.3178
9.760 -0.2651
9.780 -0.2141
9.800 -0.1647
9.820 -0.1171
9.840 -0.0710
9.860 -0.0266
9.880 0.0163
9.900 0.0577
9.920 0.0976
9.940 0.1362
9.960 0.1734
9.980 0.2092
10.000 0.2438
10.020 0.2771
10.040 0.3093
10.060 0.3402
10.080 0.3700
10.100 0.3987
10.120 0.4263
10.140 0.4528
10.160 0.4783
10.180 0.5027
10.200 0.5262
10.220 0.5486
10.240 0.5701
10.260 0.5907
10.280 0.6103
10.300 0.6290
10.320 0.6468
10.340 0.6637
10.360 0.6798
10.380 0.6949
10.400 0.7092
10.420 0.7227
10.440 0.7353
10.460 0.7471
10.480 0.7581
10.500 0.7682
10.520 0.7776
10.540 0.7861
10.560 0.7939
10.580 0.8009
10.600 0.8071
10.620 0.8125
10.640 0.8172
10.660 0.8211
10.680 0.8242
10.700 0.8266
10.720 0.8283
10.740 0.8292
10.760 0.8293
10.780 0.8287
10.800 0.8274
10.820 0.8254
10.840 0.8226
10.860 0.8191
10.880 0.8149
10.900 0.8100
10.920 0.8043
10.940 0.7980
10.960 0.7909
10.980 0.7831
11.000 0.7747
11.020 0.7655
11.040 0.7556
11.060 0.7451
11.080 0.7338
11.100 0.7219
11.120 0.7093
11.140 0.6959
11.160 0.6820
11.180 0.6673
11.200 0.6520
11.220 0.6360
11.240 0.6194
11.260 0.6021
11.280 0.5842
11.300 0.5657
11.320 0.5466
11.340 0.5268
11.360 0.5065
11.380 0.4856
11.400 0.4642
11.420 0.4423
11.440 0.4199
11.460 0.3970
11.480 0.3738
11.500 0.3502
11.520 0.3263
11.540 0.3021
11.560 0.2779
11.580 0.2536
11.600 0.2293
11.620 0.2052
11.640 0.1814
11.660 0.1581
11.680 0.1354
11.700 0.1135
11.720 0.0927
11.740 0.0730
11.760 0.0547
11.780 0.0381
11.800 0.0233
11.820 0.0106
11.840 0.0001
11.860 -0.0081
11.880 -0.0138
11.900 -0.0170
11.920 -0.0178
11.940 -0.0160
11.960 -0.0119
11.980 -0.0055
12.000 0.0030
12.020 0.0134
12.040 0.0254
12.060 0.0390
12.080 0.0538
12.100 0.0696
12.120 0.0863
12.140 0.1036
12.160 0.1213
12.180 0.1394
12.200 0.1576
12.220 0.1758
12.240 0.1939
12.260 0.2118
12.280 0.2294
12.300 0.2467
12.320 0.2635
12.340 0.2798
12.360 0.2956
12.380 0.3109
12.400 0.3255
12.420 0.3395
12.440 0.3529
12.460 0.3656
12.480 0.3775
12.500 0.3888
12.520 0.3994
12.540 0.4093
12.560 0.4184
12.580 0.4268
12.600 0.4345
12.620 0.4414
12.640 0.4476
12.660 0.4530
12.680 0.4577
12.700 0.4617
12.720 0.4650
12.740 0.4675
12.760 0.4693
12.780 0.4703
12.800 0.4707
12.820 0.4703
12.840 0.4692
12.860 0.4675
12.880 0.4650
12.900 0.4618
12.920 0.4580
12.940 0.4535
12.960 0.4484
12.980 0.4426
13.000 0.4361
13.020 0.4291
13.040 0.4214
13.060 0.4132
13.080 0.4044
13.100 0.3950
13.120 0.3851
13.140 0.3747
13.160 0.3637
13.180 0.3524
13.200 0.3405
13.220 0.3283
13.240 0.3157
13.260 0.3028
13.280 0.2895
13.300 0.2759
13.320 0.2622
13.340 0.2482
13.360 0.2340
13.380 0.2197
13.400 0.2054
13.420 0.1910
13.440 0.1766
13.460 0.1623
13.480 0.1481
13.500 0.1340
13.520 0.1202
13.540 0.1065
13.560 0.0931
13.580 0.0799
13.600 0.0671
13.620 0.0547
13.640 0.0426
13.660 0.0308
13.680 0.0195
13.700 0.0086
13.720 -0.0019
13.740 -0.0121
13.760 -0.0218
13.780 -0.0311
13.800 -0.0401
13.820 -0.0487
13.840 -0.0570
13.860 -0.0650
13.880 -0.0726
13.900 -0.0800
13.920 -0.0871
13.940 -0.0940
13.960 -0.1007
13.980 -0.1071
14.000 -0.1134
14.020 -0.1194
14.040 -0.1253
14.060 -0.1311
14.080 -0.1366
14.100 -0.1419
14.120 -0.1471
14.140 -0.1521
14.160 -0.1568
14.180 -0.1613
14.200 -0.1655
14.220 -0.1695
14.240 -0.1731
14.260 -0.1764
14.280 -0.1793
14.300 -0.1818
14.320 -0.1840
14.340 -0.1856
14.360 -0.1868
14.380 -0.1875
14.400 -0.1877
14.420 -0.1874
14.440 -0.1866
14.460 -0.1852
14.480 -0.1833
14.500 -0.1809
14.520 -0.1780
14.540 -0.1747
14.560 -0.1709
14.580 -0.1666
14.600 -0.1620
14.620 -0.1571
14.640 -0.1518
14.660 -0.1463
14.680 -0.1406
14.700 -0.1347
14.720 -0.1287
14.740 -0.1226
14.760 -0.1166
14.780 -0.1105
14.800 -0.1046
14.820 -0.0987
14.840 -0.0931
14.860 -0.0876
14.880 -0.0824
14.900 -0.0775
14.920 -0.0730
14.940 -0.0688
14.960 -0.0650
14.980 -0.0616
15.000 -0.0587
15.020 -0.0563
15.040 -0.0545
15.060 -0.0531
15.080 -0.0524
15.100 -0.0522
15.120 -0.0527
15.140 -0.0538
15.160 -0.0556
15.180 -0.0580
15.200 -0.0612
15.220 -0.0651
15.240 -0.0698
15.260 -0.0752
15.280 -0.0815
15.300 -0.0885
15.320 -0.0964
15.340 -0.1052
15.360 -0.1149
15.380 -0.1254
15.400 -0.1369
15.420 -0.1494
15.440 -0.1628
15.460 -0.1773
15.480 -0.1928
15.500 -0.2093
15.520 -0.2270
15.540 -0.2457
15.560 -0.2656
15.580 -0.2867
15.600 -0.3090
15.620 -0.3324
15.640 -0.3571
15.660 -0.3829
15.680 -0.4100
15.700 -0.4382
15.720 -0.4676
15.740 -0.4980
15.760 -0.5295
15.780 -0.5617
15.800 -0.5946
15.820 -0.6279
15.840 -0.6612
15.860 -0.6941
15.880 -0.7261
15.900 -0.7565
15.920 -0.7847
15.940 -0.8097
15.960 -0.8308
15.980 -0.8470
16.000 -0.8577
16.020 -0.8624
16.040 -0.8607
16.060 -0.8527
16.080 -0.8386
16.100 -0.8192
16.120 -0.7951
16.140 -0.7673
16.160 -0.7364
16.180 -0.7034
16.200 -0.6690
16.220 -0.6338
16.240 -0.5983
16.260 -0.5629
16.280 -0.5279
16.300 -0.4936
16.320 -0.4601
16.340 -0.4275
16.360 -0.3961
16.380 -0.3657
16.400 -0.3365
16.420 -0.3085
16.440 -0.2817
16.460 -0.2560
16.480 -0.2315
16.500 -0.2081
16.520 -0.1858
16.540 -0.1647
16.560 -0.1446
16.580 -0.1255
16.600 -0.1074
16.620 -0.0903
16.640 -0.0742
16.660 -0.0590
16.680 -0.0446
16.700 -0.0312
16.720 -0.0186
16.740 -0.0068
16.760 0.0042
16.780 0.0144
16.800 0.0239
16.820 0.0327
16.840 0.0407
16.860 0.0480
16.880 0.0547
16.900 0.0607
16.920 0.0660
16.940 0.0708
16.960 0.0749
16.980 0.0784
17.000 0.0813
17.020 0.0837
17.040 0.0855
17.060 0.0867
17.080 0.0874
17.100 0.0875
17.120 0.0871
17.140 0.0862
17.160 0.0848
17.180 0.0828
17.200 0.0804
17.220 0.0774
17.240 0.0739
17.260 0.0699
17.280 0.0654
17.300 0.0605
17.320 0.0550
17.340 0.0490
17.360 0.0425
17.380 0.0354
17.400 0.0279
17.420 0.0199
17.440 0.0114
17.460 0.0023
17.480 -0.0073
17.500 -0.0174
17.520 -0.0280
17.540 -0.0391
17.560 -0.0508
17.580 -0.0629
17.600 -0.0756
17.620 -0.0888
17.640 -0.1025
17.660 -0.1167
17.680 -0.1313
17.700 -0.1464
17.720 -0.1620
17.740 -0.1780
17.760 -0.1944
17.780 -0.2111
17.800 -0.2281
17.820 -0.2454
17.840 -0.2628
17.860 -0.2804
17.880 -0.2981
17.900 -0.3158
17.920 -0.3333
17.940 -0.3506
17.960 -0.3676
17.980 -0.3841
18.000 -0.4001
18.020 -0.4154
18.040 -0.4298
18.060 -0.4434
18.080 -0.4558
18.100 -0.4671
18.120 -0.4772
18.140 -0.4859
18.160 -0.4933
18.180 -0.4993
18.200 -0.5038
18.220 -0.5070
18.240 -0.5088
18.260 -0.5094
18.280 -0.5088
18.300 -0.5072
18.320 -0.5047
18.340 -0.5014
18.360 -0.4974
18.380 -0.4930
18.400 -0.4883
18.420 -0.4834
18.440 -0.4784
18.460 -0.4736
18.480 -0.4689
18.500 -0.4646
18.520 -0.4607
18.540 -0.4574
18.560 -0.4547
18.580 -0.4528
18.600 -0.4516
18.620 -0.4513
18.640 -0.4519
18.660 -0.4535
18.680 -0.4561
18.700 -0.4597
18.720 -0.4645
18.740 -0.4703
18.760 -0.4773
18.780 -0.4854
18.800 -0.4947
18.820 -0.5050
18.840 -0.5165
18.860 -0.5289
18.880 -0.5423
18.900 -0.5565
18.920 -0.5714
18.940 -0.5869
18.960 -0.6026
18.980 -0.6183
19.000 -0.6337
19.020 -0.6483
19.040 -0.6618
19.060 -0.6734
19.080 -0.6828
19.100 -0.6893
19.120 -0.6923
19.140 -0.6913
19.160 -0.6860
19.180 -0.6760
19.200 -0.6614
19.220 -0.6421
19.240 -0.6185
19.260 -0.5910
19.280 -0.5601
19.300 -0.5263
19.320 -0.4903
19.340 -0.4526
19.360 -0.4137
19.380 -0.3740
19.400 -0.3340
19.420 -0.2939
19.440 -0.2541
19.460 -0.2148
19.480 -0.1760
19.500 -0.1380
19.520 -0.1009
19.540 -0.0647
19.560 -0.0295
19.580 0.0047
19.600 0.0379
19.620 0.0700
19.640 0.1010
19.660 0.1310
19.680 0.1599
19.700 0.1878
19.720 0.2146
19.740 0.2404
19.760 0.2653
19.780 0.2891
19.800 0.3119
19.820 0.3338
19.840 0.3547
19.860 0.3747
19.880 0.3938
19.900 0.4119
19.920 0.4292
19.940 0.4455
19.960 0.4610
19.980 0.4757
20.000 0.4894
20.020 0.5024
20.040 0.5144
20.060 0.5257
20.080 0.5361
20.100 0.5456
20.120 0.5544
20.140 0.5623
20.160 0.5694
20.180 0.5757
20.200 0.5811
20.220 0.5857
20.240 0.5895
20.260 0.5925
20.280 0.5946
20.300 0.5958
20.320 0.5963
20.340 0.5958
20.360 0.5945
20.380 0.5923
20.400 0.5893
20.420 0.5853
20.440 0.5804
20.460 0.5746
20.480 0.5678
20.500 0.5601
20.520 0.5514
20.540 0.5417
20.560 0.5310
20.580 0.5192
20.600 0.5064
20.620 0.4924
20.640 0.4774
20.660 0.4611
20.680 0.4437
20.700 0.4251
20.720 0.4052
20.740 0.3840
20.760 0.3614
20.780 0.3375
20.800 0.3121
20.820 0.2852
20.840 0.2569
20.860 0.2269
20.880 0.1954
20.900 0.1621
20.920 0.1272
20.940 0.0906
20.960 0.0523
20.980 0.0122
21.000 -0.0295
21.020 -0.0727
21.040 -0.1174
21.060 -0.1631
21.080 -0.2097
21.100 -0.2564
21.120 -0.3027
21.140 -0.3475
21.160 -0.3896
21.180 -0.4277
21.200 -0.4602
21.220 -0.4855
21.240 -0.5023
21.260 -0.5097
21.280 -0.5073
21.300 -0.4957
21.320 -0.4759
21.340 -0.4492
21.360 -0.4173
21.380 -0.3817
21.400 -0.3437
21.420 -0.3046
21.440 -0.2651
21.460 -0.2260
21.480 -0.1878
21.500 -0.1507
21.520 -0.1151
21.540 -0.0810
21.560 -0.0485
21.580 -0.0178
21.600 0.0112
21.620 0.0386
21.640 0.0643
21.660 0.0883
21.680 0.1108
21.700 0.1318
21.720 0.1513
21.740 0.1694
21.760 0.1860
21.780 0.2014
21.800 0.2154
21.820 0.2282
21.840 0.2398
21.860 0.2502
21.880 0.2594
21.900 0.2676
21.920 0.2747
21.940 0.2807
21.960 0.2857
21.980 0.2898
22.000 0.2928
22.020 0.2949
22.040 0.2961
22.060 0.2963
22.080 0.2956
22.100 0.2940
22.120 0.2915
22.140 0.2880
22.160 0.2837
22.180 0.2785
22.200 0.2723
22.220 0.2652
22.240 0.2572
22.260 0.2482
22.280 0.2381
22.300 0.2271
22.320 0.2150
22.340 0.2018
22.360 0.1874
22.380 0.1719
22.400 0.1550
22.420 0.1368
22.440 0.1172
22.460 0.0960
22.480 0.0732
22.500 0.0487
22.520 0.0222
22.540 -0.0063
22.560 -0.0371
22.580 -0.0703
22.600 -0.1061
22.620 -0.1450
22.640 -0.1872
22.660 -0.2330
22.680 -0.2830
22.700 -0.3376
22.720 -0.3974
22.740 -0.4633
22.760 -0.5360
22.780 -0.6164
22.800 -0.7057
22.820 -0.8046
22.840 -0.9134
22.860 -1.0307
22.880 -1.1505
22.900 -1.2581
22.920 -1.3261
22.940 -1.3258
22.960 -1.2530
22.980 -1.1334
23.000 -0.9963
23.020 -0.8594
23.040 -0.7302
23.060 -0.6108
23.080 -0.5013
23.100 -0.4010
23.120 -0.3087
23.140 -0.2237
23.160 -0.1449
23.180 -0.0717
23.200 -0.0034
23.220 0.0604
23.240 0.1204
23.260 0.1767
23.280 0.2298
23.300 0.2800
23.320 0.3274
23.340 0.3724
23.360 0.4150
23.380 0.4555
23.400 0.4940
23.420 0.5305
23.440 0.5653
23.460 0.5984
23.480 0.6300
23.500 0.6600
23.520 0.6886
23.540 0.7158
23.560 0.7417
23.580 0.7663
23.600 0.7897
23.620 0.8119
23.640 0.8331
23.660 0.8531
23.680 0.8720
23.700 0.8900
23.720 0.9069
23.740 0.9229
23.760 0.9379
23.780 0.9520
23.800 0.9652
23.820 0.9776
23.840 0.9890
23.860 0.9997
23.880 1.0094
23.900 1.0184
23.920 1.0266
23.940 1.0340
23.960 1.0406
23.980 1.0464
24.000 1.0515
