om p1 p2 p3
0.500 2.78756e-3 6.11581e-1 1.31125e+8
0.520 2.91868e-3 6.09333e-1 1.27634e+8
0.540 3.05284e-3 6.06421e-1 1.24069e+8
0.560 3.18974e-3 6.02819e-1 1.20436e+8
0.580 3.32909e-3 5.98507e-1 1.16744e+8
0.600 3.47060e-3 5.93466e-1 1.13001e+8
0.620 3.61395e-3 5.87686e-1 1.09215e+8
0.640 3.75879e-3 5.81160e-1 1.05395e+8
0.660 3.90480e-3 5.73887e-1 1.01549e+8
0.680 4.05162e-3 5.65871e-1 9.76865e+7
0.700 4.19889e-3 5.57119e-1 9.38160e+7
0.720 4.34623e-3 5.47648e-1 8.99464e+7
0.740 4.49328e-3 5.37475e-1 8.60866e+7
0.760 4.63964e-3 5.26624e-1 8.22453e+7
0.780 4.78493e-3 5.15124e-1 7.84312e+7
0.800 4.92875e-3 5.03008e-1 7.46529e+7
0.820 5.07071e-3 4.90311e-1 7.09187e+7
0.840 5.21042e-3 4.77076e-1 6.72369e+7
0.860 5.34748e-3 4.63344e-1 6.36151e+7
0.880 5.48151e-3 4.49164e-1 6.00611e+7
0.900 5.61212e-3 4.34585e-1 5.65820e+7
0.920 5.73893e-3 4.19657e-1 5.31845e+7
0.940 5.86158e-3 4.04435e-1 4.98752e+7
0.960 5.97971e-3 3.88974e-1 4.66598e+7
0.980 6.09298e-3 3.73328e-1 4.35438e+7
1.000 6.20105e-3 3.57554e-1 4.05322e+7
1.020 6.30363e-3 3.41708e-1 3.76293e+7
1.040 6.40041e-3 3.25847e-1 3.48389e+7
1.060 6.49112e-3 3.10024e-1 3.21643e+7
1.080 6.57551e-3 2.94293e-1 2.96082e+7
1.100 6.65336e-3 2.78708e-1 2.71727e+7
1.120 6.72447e-3 2.63318e-1 2.48592e+7
1.140 6.78866e-3 2.48171e-1 2.26687e+7
1.160 6.84578e-3 2.33314e-1 2.06016e+7
1.180 6.89573e-3 2.18789e-1 1.86575e+7
1.200 6.93841e-3 2.04635e-1 1.68358e+7
1.220 6.97378e-3 1.90890e-1 1.51351e+7
1.240 7.00180e-3 1.77586e-1 1.35536e+7
1.260 7.02250e-3 1.64754e-1 1.20890e+7
1.280 7.03590e-3 1.52419e-1 1.07385e+7
1.300 7.04210e-3 1.40603e-1 9.49901e+6
1.320 7.04119e-3 1.29325e-1 8.36693e+6
1.340 7.03332e-3 1.18600e-1 7.33833e+6
1.360 7.01866e-3 1.08439e-1 6.40900e+6
1.380 6.99742e-3 9.88491e-2 5.57442e+6
1.400 6.96984e-3 8.98341e-2 4.82985e+6
1.420 6.93617e-3 8.13944e-2 4.17038e+6
1.440 6.89671e-3 7.35271e-2 3.59093e+6
1.460 6.85179e-3 6.62260e-2 3.08631e+6
1.480 6.80174e-3 5.94821e-2 2.65127e+6
1.500 6.74694e-3 5.32836e-2 2.28053e+6
1.520 6.68778e-3 4.76160e-2 1.96882e+6
1.540 6.62465e-3 4.24627e-2 1.71092e+6
1.560 6.55800e-3 3.78048e-2 1.50168e+6
1.580 6.48827e-3 3.36218e-2 1.33609e+6
1.600 6.41589e-3 2.98916e-2 1.20927e+6
1.620 6.34135e-3 2.65905e-2 1.11650e+6
1.640 6.26510e-3 2.36940e-2 1.05329e+6
1.660 6.18763e-3 2.11767e-2 1.01534e+6
1.680 6.10940e-3 1.90127e-2 9.98602e+5
1.700 6.03090e-3 1.71756e-2 9.99293e+5
1.720 5.95260e-3 1.56389e-2 1.01388e+6
1.740 5.87495e-3 1.43762e-2 1.03912e+6
1.760 5.79843e-3 1.33616e-2 1.07204e+6
1.780 5.72348e-3 1.25694e-2 1.10998e+6
1.800 5.65052e-3 1.19747e-2 1.15053e+6
1.820 5.57997e-3 1.15533e-2 1.19159e+6
1.840 5.51223e-3 1.12821e-2 1.23135e+6
1.860 5.44768e-3 1.11390e-2 1.26825e+6
1.880 5.38667e-3 1.11030e-2 1.30100e+6
1.900 5.32953e-3 1.11545e-2 1.32858e+6
1.920 5.27656e-3 1.12751e-2 1.35017e+6
1.940 5.22805e-3 1.14479e-2 1.36522e+6
1.960 5.18422e-3 1.16573e-2 1.37336e+6
1.980 5.14532e-3 1.18892e-2 1.37441e+6
2.000 5.11151e-3 1.21309e-2 1.36837e+6
2.020 5.08295e-3 1.23712e-2 1.35540e+6
2.040 5.05978e-3 1.26003e-2 1.33577e+6
2.060 5.04207e-3 1.28097e-2 1.30988e+6
2.080 5.02988e-3 1.29923e-2 1.27824e+6
2.100 5.02324e-3 1.31422e-2 1.24142e+6
2.120 5.02215e-3 1.32547e-2 1.20005e+6
2.140 5.02656e-3 1.33264e-2 1.15481e+6
2.160 5.03639e-3 1.33548e-2 1.10641e+6
2.180 5.05156e-3 1.33385e-2 1.05557e+6
2.200 5.07194e-3 1.32767e-2 1.00299e+6
2.220 5.09736e-3 1.31698e-2 9.49381e+5
2.240 5.12763e-3 1.30187e-2 8.95410e+5
2.260 5.16256e-3 1.28249e-2 8.41716e+5
2.280 5.20191e-3 1.25906e-2 7.88889e+5
2.300 5.24542e-3 1.23184e-2 7.37469e+5
2.320 5.29281e-3 1.20111e-2 6.87939e+5
2.340 5.34380e-3 1.16720e-2 6.40718e+5
2.360 5.39807e-3 1.13046e-2 5.96164e+5
2.380 5.45530e-3 1.09124e-2 5.54566e+5
2.400 5.51515e-3 1.04993e-2 5.16147e+5
2.420 5.57728e-3 1.00689e-2 4.81067e+5
2.440 5.64132e-3 9.62492e-3 4.49420e+5
2.460 5.70692e-3 9.17103e-3 4.21240e+5
2.480 5.77370e-3 8.71073e-3 3.96505e+5
2.500 5.84131e-3 8.24740e-3 3.75140e+5
2.520 5.90937e-3 7.78423e-3 3.57023e+5
2.540 5.97751e-3 7.32422e-3 3.41988e+5
2.560 6.04538e-3 6.87012e-3 3.29835e+5
2.580 6.11261e-3 6.42446e-3 3.20332e+5
2.600 6.17885e-3 5.98952e-3 3.13225e+5
2.620 6.24376e-3 5.56732e-3 3.08239e+5
2.640 6.30701e-3 5.15965e-3 3.05090e+5
2.660 6.36827e-3 4.76800e-3 3.03485e+5
2.680 6.42724e-3 4.39367e-3 3.03132e+5
2.700 6.48363e-3 4.03769e-3 3.03741e+5
2.720 6.53716e-3 3.70086e-3 3.05035e+5
2.740 6.58757e-3 3.38380e-3 3.06748e+5
2.760 6.63460e-3 3.08690e-3 3.08629e+5
2.780 6.67804e-3 2.81037e-3 3.10451e+5
2.800 6.71767e-3 2.55427e-3 3.12008e+5
2.820 6.75332e-3 2.31848e-3 3.13118e+5
2.840 6.78479e-3 2.10278e-3 3.13628e+5
2.860 6.81196e-3 1.90679e-3 3.13410e+5
2.880 6.83468e-3 1.73007e-3 3.12364e+5
2.900 6.85285e-3 1.57206e-3 3.10418e+5
2.920 6.86638e-3 1.43215e-3 3.07525e+5
2.940 6.87519e-3 1.30964e-3 3.03668e+5
2.960 6.87924e-3 1.20382e-3 2.98848e+5
2.980 6.87850e-3 1.11391e-3 2.93095e+5
3.000 6.87295e-3 1.03912e-3 2.86453e+5
3.020 6.86261e-3 9.78639e-4 2.78990e+5
3.040 6.84749e-3 9.31652e-4 2.70784e+5
3.060 6.82764e-3 8.97331e-4 2.61929e+5
3.080 6.80313e-3 8.74852e-4 2.52528e+5
3.100 6.77402e-3 8.63399e-4 2.42693e+5
3.120 6.74041e-3 8.62163e-4 2.32538e+5
3.140 6.70241e-3 8.70346e-4 2.22181e+5
3.160 6.66013e-3 8.87166e-4 2.11739e+5
3.180 6.61371e-3 9.11854e-4 2.01326e+5
3.200 6.56331e-3 9.43655e-4 1.91052e+5
3.220 6.50906e-3 9.81832e-4 1.81019e+5
3.240 6.45116e-3 1.02566e-3 1.71322e+5
3.260 6.38976e-3 1.07443e-3 1.62045e+5
3.280 6.32507e-3 1.12746e-3 1.53263e+5
3.300 6.25727e-3 1.18405e-3 1.45036e+5
3.320 6.18657e-3 1.24356e-3 1.37415e+5
3.340 6.11318e-3 1.30532e-3 1.30436e+5
3.360 6.03732e-3 1.36870e-3 1.24125e+5
3.380 5.95920e-3 1.43307e-3 1.18492e+5
3.400 5.87905e-3 1.49784e-3 1.13537e+5
3.420 5.79710e-3 1.56241e-3 1.09249e+5
3.440 5.71357e-3 1.62620e-3 1.05607e+5
3.460 5.62871e-3 1.68866e-3 1.02577e+5
3.480 5.54274e-3 1.74924e-3 1.00121e+5
3.500 5.45590e-3 1.80745e-3 9.81901e+4
3.520 5.36842e-3 1.86278e-3 9.67318e+4
3.540 5.28055e-3 1.91477e-3 9.56880e+4
3.560 5.19252e-3 1.96298e-3 9.49974e+4
3.580 5.10456e-3 2.00701e-3 9.45969e+4
3.600 5.01690e-3 2.04650e-3 9.44228e+4
3.620 4.92979e-3 2.08109e-3 9.44119e+4
3.640 4.84344e-3 2.11050e-3 9.45027e+4
3.660 4.75810e-3 2.13446e-3 9.46370e+4
3.680 4.67398e-3 2.15278e-3 9.47598e+4
3.700 4.59132e-3 2.16526e-3 9.48212e+4
3.720 4.51033e-3 2.17180e-3 9.47765e+4
3.740 4.43124e-3 2.17230e-3 9.45870e+4
3.760 4.35426e-3 2.16676e-3 9.42200e+4
3.780 4.27962e-3 2.15517e-3 9.36498e+4
3.800 4.20753e-3 2.13761e-3 9.28571e+4
3.820 4.13820e-3 2.11419e-3 9.18295e+4
3.840 4.07185e-3 2.08508e-3 9.05611e+4
3.860 4.00867e-3 2.05047e-3 8.90521e+4
3.880 3.94888e-3 2.01062e-3 8.73089e+4
3.900 3.89269e-3 1.96583e-3 8.53433e+4
3.920 3.84029e-3 1.91642e-3 8.31717e+4
3.940 3.79188e-3 1.86275e-3 8.08152e+4
3.960 3.74767e-3 1.80524e-3 7.82982e+4
3.980 3.70785e-3 1.74431e-3 7.56482e+4
4.000 3.67261e-3 1.68041e-3 7.28946e+4
4.020 3.64214e-3 1.61403e-3 7.00685e+4
4.040 3.61663e-3 1.54566e-3 6.72016e+4
4.060 3.59626e-3 1.47580e-3 6.43256e+4
4.080 3.58121e-3 1.40499e-3 6.14716e+4
4.100 3.57166e-3 1.33373e-3 5.86692e+4
4.120 3.56777e-3 1.26256e-3 5.59464e+4
4.140 3.56970e-3 1.19199e-3 5.33289e+4
4.160 3.57762e-3 1.12253e-3 5.08393e+4
4.180 3.59166e-3 1.05468e-3 4.84976e+4
4.200 3.61197e-3 9.88927e-4 4.63198e+4
4.220 3.63868e-3 9.25725e-4 4.43190e+4
4.240 3.67190e-3 8.65512e-4 4.25042e+4
4.260 3.71173e-3 8.08698e-4 4.08807e+4
4.280 3.75827e-3 7.55664e-4 3.94505e+4
4.300 3.81160e-3 7.06755e-4 3.82119e+4
4.320 3.87176e-3 6.62282e-4 3.71597e+4
4.340 3.93881e-3 6.22518e-4 3.62859e+4
4.360 4.01275e-3 5.87699e-4 3.55797e+4
4.380 4.09359e-3 5.58016e-4 3.50277e+4
4.400 4.18131e-3 5.33623e-4 3.46145e+4
4.420 4.27584e-3 5.14628e-4 3.43232e+4
4.440 4.37711e-3 5.01099e-4 3.41355e+4
4.460 4.48502e-3 4.93058e-4 3.40324e+4
4.480 4.59942e-3 4.90488e-4 3.39943e+4
4.500 4.72016e-3 4.93329e-4 3.40018e+4
4.520 4.84702e-3 5.01480e-4 3.40358e+4
4.540 4.97977e-3 5.14799e-4 3.40780e+4
4.560 5.11814e-3 5.33109e-4 3.41112e+4
4.580 5.26182e-3 5.56195e-4 3.41196e+4
4.600 5.41046e-3 5.83808e-4 3.40890e+4
4.620 5.56367e-3 6.15668e-4 3.40070e+4
4.640 5.72103e-3 6.51462e-4 3.38633e+4
4.660 5.88207e-3 6.90856e-4 3.36497e+4
4.680 6.04629e-3 7.33486e-4 3.33602e+4
4.700 6.21313e-3 7.78970e-4 3.29908e+4
4.720 6.38201e-3 8.26909e-4 3.25401e+4
4.740 6.55231e-3 8.76885e-4 3.20084e+4
4.760 6.72337e-3 9.28472e-4 3.13982e+4
4.780 6.89448e-3 9.81234e-4 3.07137e+4
4.800 7.06491e-3 1.03473e-3 2.99608e+4
4.820 7.23389e-3 1.08851e-3 2.91471e+4
4.840 7.40062e-3 1.14215e-3 2.82810e+4
4.860 7.56429e-3 1.19519e-3 2.73722e+4
4.880 7.72402e-3 1.24721e-3 2.64310e+4
4.900 7.87896e-3 1.29780e-3 2.54683e+4
4.920 8.02822e-3 1.34654e-3 2.44950e+4
4.940 8.17088e-3 1.39305e-3 2.35224e+4
4.960 8.30603e-3 1.43696e-3 2.25610e+4
4.980 8.43276e-3 1.47791e-3 2.16212e+4
5.000 8.55014e-3 1.51560e-3 2.07126e+4
5.020 8.65727e-3 1.54971e-3 1.98441e+4
5.040 8.75324e-3 1.57999e-3 1.90232e+4
5.060 8.83718e-3 1.60619e-3 1.82566e+4
5.080 8.90822e-3 1.62810e-3 1.75498e+4
5.100 8.96554e-3 1.64556e-3 1.69068e+4
5.120 9.00835e-3 1.65841e-3 1.63302e+4
5.140 9.03589e-3 1.66656e-3 1.58217e+4
5.160 9.04746e-3 1.66993e-3 1.53811e+4
5.180 9.04244e-3 1.66849e-3 1.50075e+4
5.200 9.02023e-3 1.66223e-3 1.46983e+4
5.220 8.98033e-3 1.65119e-3 1.44501e+4
5.240 8.92232e-3 1.63543e-3 1.42584e+4
5.260 8.84584e-3 1.61506e-3 1.41180e+4
5.280 8.75063e-3 1.59021e-3 1.40227e+4
5.300 8.63654e-3 1.56103e-3 1.39661e+4
5.320 8.50351e-3 1.52771e-3 1.39411e+4
5.340 8.35158e-3 1.49048e-3 1.39405e+4
5.360 8.18092e-3 1.44957e-3 1.39570e+4
5.380 7.99179e-3 1.40525e-3 1.39834e+4
5.400 7.78460e-3 1.35781e-3 1.40126e+4
5.420 7.55986e-3 1.30753e-3 1.40380e+4
5.440 7.31823e-3 1.25474e-3 1.40534e+4
5.460 7.06048e-3 1.19976e-3 1.40533e+4
5.480 6.78751e-3 1.14294e-3 1.40327e+4
5.500 6.50036e-3 1.08461e-3 1.39875e+4
5.520 6.20021e-3 1.02513e-3 1.39143e+4
5.540 5.88836e-3 9.64836e-4 1.38108e+4
5.560 5.56623e-3 9.04083e-4 1.36751e+4
5.580 5.23538e-3 8.43213e-4 1.35066e+4
5.600 4.89749e-3 7.82564e-4 1.33054e+4
5.620 4.55436e-3 7.22466e-4 1.30723e+4
5.640 4.20790e-3 6.63237e-4 1.28090e+4
5.660 3.86013e-3 6.05184e-4 1.25178e+4
5.680 3.51318e-3 5.48599e-4 1.22015e+4
5.700 3.16925e-3 4.93759e-4 1.18637e+4
5.720 2.83065e-3 4.40926e-4 1.15083e+4
5.740 2.49976e-3 3.90341e-4 1.11393e+4
5.760 2.17900e-3 3.42230e-4 1.07612e+4
5.780 1.87089e-3 2.96798e-4 1.03785e+4
5.800 1.57795e-3 2.54232e-4 9.99577e+3
5.820 1.30275e-3 2.14700e-4 9.61741e+3
5.840 1.04788e-3 1.78351e-4 9.24769e+3
5.860 8.15922e-4 1.45314e-4 8.89058e+3
5.880 6.09461e-4 1.15702e-4 8.54974e+3
5.900 4.31048e-4 8.96094e-5 8.22838e+3
5.920 2.83199e-4 6.71154e-5 7.92926e+3
5.940 1.68375e-4 4.82831e-5 7.65463e+3
5.960 8.89688e-5 3.31619e-5 7.40620e+3
5.980 4.72883e-5 2.17882e-5 7.18511e+3
6.000 4.55436e-5 1.41866e-5 6.99193e+3
6.020 8.58309e-5 1.03716e-5 6.82669e+3
6.040 1.70118e-4 1.03486e-5 6.68886e+3
6.060 3.00229e-4 1.41150e-5 6.57741e+3
6.080 4.77834e-4 2.16621e-5 6.49083e+3
6.100 7.04431e-4 3.29755e-5 6.42719e+3
6.120 9.81338e-4 4.80364e-5 6.38421e+3
6.140 1.30968e-3 6.68228e-5 6.35927e+3
6.160 1.69036e-3 8.93100e-5 6.34954e+3
6.180 2.12410e-3 1.15471e-4 6.35200e+3
6.200 2.61137e-3 1.45279e-4 6.36353e+3
6.220 3.15241e-3 1.78702e-4 6.38099e+3
6.240 3.74722e-3 2.15713e-4 6.40125e+3
6.260 4.39557e-3 2.56278e-4 6.42132e+3
6.280 5.09697e-3 3.00365e-4 6.43833e+3
6.300 5.85067e-3 3.47940e-4 6.44965e+3
6.320 6.65568e-3 3.98967e-4 6.45292e+3
6.340 7.51073e-3 4.53405e-4 6.44605e+3
6.360 8.41434e-3 5.11211e-4 6.42733e+3
6.380 9.36472e-3 5.72338e-4 6.39538e+3
6.400 1.03599e-2 6.36730e-4 6.34922e+3
6.420 1.13976e-2 7.04328e-4 6.28823e+3
6.440 1.24753e-2 7.75062e-4 6.21222e+3
6.460 1.35904e-2 8.48852e-4 6.12132e+3
6.480 1.47399e-2 9.25610e-4 6.01606e+3
6.500 1.59207e-2 1.00523e-3 5.89728e+3
6.520 1.71295e-2 1.08761e-3 5.76612e+3
6.540 1.83627e-2 1.17260e-3 5.62402e+3
6.560 1.96166e-2 1.26008e-3 5.47261e+3
6.580 2.08876e-2 1.34986e-3 5.31371e+3
6.600 2.21715e-2 1.44179e-3 5.14929e+3
6.620 2.34644e-2 1.53566e-3 4.98139e+3
6.640 2.47620e-2 1.63125e-3 4.81210e+3
6.660 2.60601e-2 1.72834e-3 4.64349e+3
6.680 2.73545e-2 1.82667e-3 4.47761e+3
6.700 2.86407e-2 1.92598e-3 4.31636e+3
6.720 2.99145e-2 2.02598e-3 4.16155e+3
6.740 3.11714e-2 2.12637e-3 4.01480e+3
6.760 3.24072e-2 2.22682e-3 3.87752e+3
6.780 3.36175e-2 2.32700e-3 3.75092e+3
6.800 3.47982e-2 2.42658e-3 3.63595e+3
6.820 3.59450e-2 2.52517e-3 3.53329e+3
6.840 3.70541e-2 2.62243e-3 3.44337e+3
6.860 3.81214e-2 2.71796e-3 3.36635e+3
6.880 3.91432e-2 2.81140e-3 3.30213e+3
6.900 4.01159e-2 2.90234e-3 3.25036e+3
6.920 4.10362e-2 2.99042e-3 3.21043e+3
6.940 4.19007e-2 3.07524e-3 3.18156e+3
6.960 4.27064e-2 3.15643e-3 3.16274e+3
6.980 4.34507e-2 3.23362e-3 3.15280e+3
7.000 4.41308e-2 3.30644e-3 3.15044e+3
7.020 4.47446e-2 3.37455e-3 3.15428e+3
7.040 4.52900e-2 3.43761e-3 3.16283e+3
7.060 4.57651e-2 3.49532e-3 3.17460e+3
7.080 4.61686e-2 3.54738e-3 3.18807e+3
7.100 4.64991e-2 3.59352e-3 3.20178e+3
7.120 4.67557e-2 3.63350e-3 3.21431e+3
7.140 4.69379e-2 3.66711e-3 3.22434e+3
7.160 4.70451e-2 3.69416e-3 3.23066e+3
7.180 4.70774e-2 3.71450e-3 3.23220e+3
7.200 4.70349e-2 3.72801e-3 3.22806e+3
7.220 4.69181e-2 3.73460e-3 3.21748e+3
7.240 4.67279e-2 3.73422e-3 3.19992e+3
7.260 4.64652e-2 3.72685e-3 3.17501e+3
7.280 4.61314e-2 3.71253e-3 3.14256e+3
7.300 4.57280e-2 3.69129e-3 3.10258e+3
7.320 4.52568e-2 3.66323e-3 3.05527e+3
7.340 4.47200e-2 3.62849e-3 3.00098e+3
7.360 4.41197e-2 3.58721e-3 2.94024e+3
7.380 4.34584e-2 3.53959e-3 2.87370e+3
7.400 4.27389e-2 3.48586e-3 2.80216e+3
7.420 4.19639e-2 3.42627e-3 2.72648e+3
7.440 4.11366e-2 3.36111e-3 2.64765e+3
7.460 4.02600e-2 3.29067e-3 2.56666e+3
7.480 3.93376e-2 3.21530e-3 2.48458e+3
7.500 3.83727e-2 3.13535e-3 2.40245e+3
7.520 3.73688e-2 3.05119e-3 2.32132e+3
7.540 3.63297e-2 2.96320e-3 2.24217e+3
7.560 3.52589e-2 2.87179e-3 2.16594e+3
7.580 3.41603e-2 2.77736e-3 2.09350e+3
7.600 3.30375e-2 2.68034e-3 2.02560e+3
7.620 3.18944e-2 2.58115e-3 1.96288e+3
7.640 3.07347e-2 2.48022e-3 1.90588e+3
7.660 2.95622e-2 2.37795e-3 1.85500e+3
7.680 2.83806e-2 2.27479e-3 1.81050e+3
7.700 2.71937e-2 2.17113e-3 1.77249e+3
7.720 2.60049e-2 2.06738e-3 1.74099e+3
7.740 2.48178e-2 1.96393e-3 1.71583e+3
7.760 2.36360e-2 1.86117e-3 1.69676e+3
7.780 2.24626e-2 1.75945e-3 1.68339e+3
7.800 2.13010e-2 1.65911e-3 1.67524e+3
7.820 2.01542e-2 1.56049e-3 1.67173e+3
7.840 1.90251e-2 1.46389e-3 1.67220e+3
7.860 1.79166e-2 1.36958e-3 1.67594e+3
7.880 1.68312e-2 1.27783e-3 1.68220e+3
7.900 1.57716e-2 1.18888e-3 1.69021e+3
7.920 1.47399e-2 1.10292e-3 1.69917e+3
7.940 1.37383e-2 1.02015e-3 1.70831e+3
7.960 1.27687e-2 9.40721e-4 1.71689e+3
7.980 1.18330e-2 8.64770e-4 1.72419e+3
8.000 1.09326e-2 7.92403e-4 1.72959e+3
8.020 1.00690e-2 7.23704e-4 1.73249e+3
8.040 9.24327e-3 6.58731e-4 1.73240e+3
8.060 8.45649e-3 5.97518e-4 1.72890e+3
8.080 7.70944e-3 5.40078e-4 1.72170e+3
8.100 7.00273e-3 4.86401e-4 1.71056e+3
8.120 6.33678e-3 4.36456e-4 1.69538e+3
8.140 5.71184e-3 3.90194e-4 1.67614e+3
8.160 5.12796e-3 3.47547e-4 1.65292e+3
8.180 4.58503e-3 3.08430e-4 1.62591e+3
8.200 4.08275e-3 2.72743e-4 1.59536e+3
8.220 3.62068e-3 2.40373e-4 1.56162e+3
8.240 3.19821e-3 2.11195e-4 1.52509e+3
8.260 2.81457e-3 1.85073e-4 1.48624e+3
8.280 2.46886e-3 1.61860e-4 1.44559e+3
8.300 2.16003e-3 1.41406e-4 1.40367e+3
8.320 1.88691e-3 1.23550e-4 1.36104e+3
8.340 1.64822e-3 1.08132e-4 1.31829e+3
8.360 1.44255e-3 9.49835e-5 1.27597e+3
8.380 1.26841e-3 8.39383e-5 1.23462e+3
8.400 1.12420e-3 7.48283e-5 1.19476e+3
8.420 1.00827e-3 6.74864e-5 1.15686e+3
8.440 9.18862e-4 6.17477e-5 1.12134e+3
8.460 8.54187e-4 5.74503e-5 1.08857e+3
8.480 8.12391e-4 5.44366e-5 1.05884e+3
8.500 7.91589e-4 5.25537e-5 1.03238e+3
8.520 7.89861e-4 5.16544e-5 1.00934e+3
8.540 8.05275e-4 5.15981e-5 9.89805e+2
8.560 8.35887e-4 5.22509e-5 9.73776e+2
8.580 8.79759e-4 5.34865e-5 9.61187e+2
8.600 9.34963e-4 5.51863e-5 9.51897e+2
8.620 9.99597e-4 5.72400e-5 9.45706e+2
8.640 1.07179e-3 5.95455e-5 9.42351e+2
8.660 1.14972e-3 6.20090e-5 9.41520e+2
8.680 1.23160e-3 6.45455e-5 9.42857e+2
8.700 1.31573e-3 6.70781e-5 9.45972e+2
8.720 1.40047e-3 6.95385e-5 9.50452e+2
8.740 1.48425e-3 7.18665e-5 9.55865e+2
8.760 1.56559e-3 7.40099e-5 9.61779e+2
8.780 1.64312e-3 7.59241e-5 9.67763e+2
8.800 1.71556e-3 7.75721e-5 9.73401e+2
8.820 1.78174e-3 7.89238e-5 9.78301e+2
8.840 1.84062e-3 7.99561e-5 9.82100e+2
8.860 1.89125e-3 8.06520e-5 9.84473e+2
8.880 1.93285e-3 8.10005e-5 9.85142e+2
8.900 1.96474e-3 8.09964e-5 9.83874e+2
8.920 1.98638e-3 8.06393e-5 9.80492e+2
8.940 1.99739e-3 7.99340e-5 9.74874e+2
8.960 1.99751e-3 7.88893e-5 9.66954e+2
8.980 1.98664e-3 7.75184e-5 9.56722e+2
9.000 1.96481e-3 7.58380e-5 9.44225e+2
9.020 1.93221e-3 7.38680e-5 9.29561e+2
9.040 1.88919e-3 7.16318e-5 9.12880e+2
9.060 1.83621e-3 6.91552e-5 8.94373e+2
9.080 1.77391e-3 6.64668e-5 8.74273e+2
9.100 1.70304e-3 6.35972e-5 8.52845e+2
9.120 1.62453e-3 6.05795e-5 8.30380e+2
9.140 1.53941e-3 5.74485e-5 8.07187e+2
9.160 1.44885e-3 5.42409e-5 7.83589e+2
9.180 1.35417e-3 5.09952e-5 7.59910e+2
9.200 1.25676e-3 4.77514e-5 7.36473e+2
9.220 1.15817e-3 4.45511e-5 7.13590e+2
9.240 1.06004e-3 4.14374e-5 6.91555e+2
9.260 9.64087e-4 3.84549e-5 6.70639e+2
9.280 8.72136e-4 3.56495e-5 6.51085e+2
9.300 7.86083e-4 3.30687e-5 6.33100e+2
9.320 7.07889e-4 3.07613e-5 6.16856e+2
9.340 6.39571e-4 2.87773e-5 6.02484e+2
9.360 5.83191e-4 2.71683e-5 5.90073e+2
9.380 5.40841e-4 2.59870e-5 5.79666e+2
9.400 5.14631e-4 2.52874e-5 5.71266e+2
9.420 5.06681e-4 2.51245e-5 5.64833e+2
9.440 5.19099e-4 2.55545e-5 5.60284e+2
9.460 5.53973e-4 2.66343e-5 5.57503e+2
9.480 6.13358e-4 2.84217e-5 5.56335e+2
9.500 6.99259e-4 3.09750e-5 5.56599e+2
9.520 8.13618e-4 3.43528e-5 5.58086e+2
9.540 9.58299e-4 3.86137e-5 5.60569e+2
9.560 1.13508e-3 4.38160e-5 5.63805e+2
9.580 1.34563e-3 5.00175e-5 5.67544e+2
9.600 1.59150e-3 5.72751e-5 5.71531e+2
9.620 1.87412e-3 6.56442e-5 5.75516e+2
9.640 2.19476e-3 7.51784e-5 5.79255e+2
9.660 2.55456e-3 8.59291e-5 5.82519e+2
9.680 2.95447e-3 9.79450e-5 5.85098e+2
9.700 3.39529e-3 1.11271e-4 5.86802e+2
9.720 3.87761e-3 1.25949e-4 5.87468e+2
9.740 4.40183e-3 1.42017e-4 5.86964e+2
9.760 4.96816e-3 1.59506e-4 5.85186e+2
9.780 5.57660e-3 1.78443e-4 5.82066e+2
9.800 6.22693e-3 1.98850e-4 5.77568e+2
9.820 6.91871e-3 2.20740e-4 5.71690e+2
9.840 7.65128e-3 2.44121e-4 5.64462e+2
9.860 8.42377e-3 2.68993e-4 5.55946e+2
9.880 9.23506e-3 2.95348e-4 5.46234e+2
9.900 1.00838e-2 3.23170e-4 5.35442e+2
9.920 1.09685e-2 3.52434e-4 5.23713e+2
9.940 1.18874e-2 3.83105e-4 5.11204e+2
9.960 1.28385e-2 4.15141e-4 4.98093e+2
9.980 1.38195e-2 4.48489e-4 4.84566e+2
10.000 1.48282e-2 4.83088e-4 4.70816e+2
10.020 1.58620e-2 5.18865e-4 4.57037e+2
10.040 1.69180e-2 5.55740e-4 4.43424e+2
10.060 1.79935e-2 5.93623e-4 4.30163e+2
10.080 1.90852e-2 6.32415e-4 4.17429e+2
10.100 2.01900e-2 6.72007e-4 4.05383e+2
10.120 2.13046e-2 7.12284e-4 3.94170e+2
10.140 2.24255e-2 7.53121e-4 3.83912e+2
10.160 2.35492e-2 7.94387e-4 3.74710e+2
10.180 2.46720e-2 8.35943e-4 3.66641e+2
10.200 2.57903e-2 8.77646e-4 3.59753e+2
10.220 2.69003e-2 9.19347e-4 3.54070e+2
10.240 2.79983e-2 9.60891e-4 3.49591e+2
10.260 2.90806e-2 1.00212e-3 3.46288e+2
10.280 3.01435e-2 1.04288e-3 3.44108e+2
10.300 3.11831e-2 1.08300e-3 3.42975e+2
10.320 3.21960e-2 1.12233e-3 3.42794e+2
10.340 3.31786e-2 1.16070e-3 3.43452e+2
10.360 3.41273e-2 1.19795e-3 3.44820e+2
10.380 3.50390e-2 1.23394e-3 3.46757e+2
10.400 3.59102e-2 1.26850e-3 3.49114e+2
10.420 3.67380e-2 1.30148e-3 3.51737e+2
10.440 3.75195e-2 1.33275e-3 3.54471e+2
10.460 3.82519e-2 1.36217e-3 3.57163e+2
10.480 3.89326e-2 1.38962e-3 3.59665e+2
10.500 3.95595e-2 1.41497e-3 3.61838e+2
10.520 4.01302e-2 1.43811e-3 3.63554e+2
10.540 4.06431e-2 1.45895e-3 3.64700e+2
10.560 4.10963e-2 1.47740e-3 3.65179e+2
10.580 4.14885e-2 1.49339e-3 3.64912e+2
10.600 4.18185e-2 1.50684e-3 3.63839e+2
10.620 4.20855e-2 1.51772e-3 3.61921e+2
10.640 4.22888e-2 1.52597e-3 3.59140e+2
10.660 4.24279e-2 1.53158e-3 3.55500e+2
10.680 4.25029e-2 1.53452e-3 3.51022e+2
10.700 4.25138e-2 1.53481e-3 3.45748e+2
10.720 4.24610e-2 1.53246e-3 3.39740e+2
10.740 4.23451e-2 1.52749e-3 3.33072e+2
10.760 4.21671e-2 1.51995e-3 3.25835e+2
10.780 4.19280e-2 1.50987e-3 3.18131e+2
10.800 4.16293e-2 1.49734e-3 3.10071e+2
10.820 4.12724e-2 1.48241e-3 3.01773e+2
10.840 4.08593e-2 1.46518e-3 2.93359e+2
10.860 4.03918e-2 1.44575e-3 2.84949e+2
10.880 3.98722e-2 1.42421e-3 2.76666e+2
10.900 3.93027e-2 1.40067e-3 2.68625e+2
10.920 3.86860e-2 1.37526e-3 2.60935e+2
10.940 3.80246e-2 1.34811e-3 2.53694e+2
10.960 3.73213e-2 1.31933e-3 2.46992e+2
10.980 3.65790e-2 1.28908e-3 2.40902e+2
11.000 3.58007e-2 1.25748e-3 2.35486e+2
11.020 3.49895e-2 1.22469e-3 2.30788e+2
11.040 3.41485e-2 1.19083e-3 2.26836e+2
11.060 3.32808e-2 1.15607e-3 2.23643e+2
11.080 3.23898e-2 1.12054e-3 2.21203e+2
11.100 3.14786e-2 1.08438e-3 2.19496e+2
11.120 3.05506e-2 1.04774e-3 2.18485e+2
11.140 2.96088e-2 1.01076e-3 2.18121e+2
11.160 2.86566e-2 9.73567e-4 2.18339e+2
11.180 2.76971e-2 9.36299e-4 2.19067e+2
11.200 2.67335e-2 8.99080e-4 2.20221e+2
11.220 2.57688e-2 8.62032e-4 2.21710e+2
11.240 2.48059e-2 8.25272e-4 2.23439e+2
11.260 2.38479e-2 7.88910e-4 2.25310e+2
11.280 2.28975e-2 7.53048e-4 2.27223e+2
11.300 2.19574e-2 7.17784e-4 2.29083e+2
11.320 2.10302e-2 6.83208e-4 2.30796e+2
11.340 2.01185e-2 6.49403e-4 2.32274e+2
11.360 1.92245e-2 6.16446e-4 2.33438e+2
11.380 1.83506e-2 5.84405e-4 2.34219e+2
11.400 1.74988e-2 5.53343e-4 2.34556e+2
11.420 1.66711e-2 5.23315e-4 2.34402e+2
11.440 1.58693e-2 4.94369e-4 2.33721e+2
11.460 1.50952e-2 4.66548e-4 2.32492e+2
11.480 1.43502e-2 4.39887e-4 2.30706e+2
11.500 1.36359e-2 4.14415e-4 2.28368e+2
11.520 1.29534e-2 3.90158e-4 2.25495e+2
11.540 1.23038e-2 3.67132e-4 2.22118e+2
11.560 1.16883e-2 3.45351e-4 2.18276e+2
11.580 1.11076e-2 3.24825e-4 2.14022e+2
11.600 1.05624e-2 3.05556e-4 2.09416e+2
11.620 1.00534e-2 2.87545e-4 2.04524e+2
11.640 9.58088e-3 2.70787e-4 1.99420e+2
11.660 9.14526e-3 2.55276e-4 1.94180e+2
11.680 8.74670e-3 2.41001e-4 1.88883e+2
11.700 8.38528e-3 2.27949e-4 1.83608e+2
11.720 8.06093e-3 2.16102e-4 1.78432e+2
11.740 7.77349e-3 2.05443e-4 1.73430e+2
11.760 7.52268e-3 1.95952e-4 1.68669e+2
11.780 7.30810e-3 1.87604e-4 1.64213e+2
11.800 7.12926e-3 1.80377e-4 1.60116e+2
11.820 6.98556e-3 1.74243e-4 1.56426e+2
11.840 6.87630e-3 1.69176e-4 1.53178e+2
11.860 6.80070e-3 1.65146e-4 1.50400e+2
11.880 6.75787e-3 1.62123e-4 1.48106e+2
11.900 6.74685e-3 1.60075e-4 1.46301e+2
11.920 6.76659e-3 1.58970e-4 1.44981e+2
11.940 6.81596e-3 1.58772e-4 1.44128e+2
11.960 6.89375e-3 1.59448e-4 1.43716e+2
11.980 6.99869e-3 1.60960e-4 1.43711e+2
12.000 7.12944e-3 1.63271e-4 1.44070e+2
12.020 7.28460e-3 1.66341e-4 1.44741e+2
12.040 7.46270e-3 1.70131e-4 1.45669e+2
12.060 7.66223e-3 1.74598e-4 1.46795e+2
12.080 7.88162e-3 1.79701e-4 1.48055e+2
12.100 8.11926e-3 1.85396e-4 1.49384e+2
12.120 8.37350e-3 1.91637e-4 1.50719e+2
12.140 8.64266e-3 1.98378e-4 1.51995e+2
12.160 8.92501e-3 2.05572e-4 1.53154e+2
12.180 9.21882e-3 2.13170e-4 1.54139e+2
12.200 9.52234e-3 2.21123e-4 1.54900e+2
12.220 9.83379e-3 2.29381e-4 1.55392e+2
12.240 1.01514e-2 2.37893e-4 1.55579e+2
12.260 1.04734e-2 2.46606e-4 1.55431e+2
12.280 1.07979e-2 2.55469e-4 1.54928e+2
12.300 1.11234e-2 2.64429e-4 1.54058e+2
12.320 1.14479e-2 2.73434e-4 1.52819e+2
12.340 1.17698e-2 2.82432e-4 1.51215e+2
12.360 1.20874e-2 2.91371e-4 1.49262e+2
12.380 1.23991e-2 3.00198e-4 1.46981e+2
12.400 1.27033e-2 3.08864e-4 1.44401e+2
12.420 1.29983e-2 3.17320e-4 1.41558e+2
12.440 1.32829e-2 3.25516e-4 1.38495e+2
12.460 1.35554e-2 3.33408e-4 1.35256e+2
12.480 1.38146e-2 3.40949e-4 1.31892e+2
12.500 1.40592e-2 3.48099e-4 1.28453e+2
12.520 1.42880e-2 3.54816e-4 1.24992e+2
12.540 1.44999e-2 3.61064e-4 1.21562e+2
12.560 1.46939e-2 3.66808e-4 1.18214e+2
12.580 1.48691e-2 3.72016e-4 1.14995e+2
12.600 1.50248e-2 3.76662e-4 1.11951e+2
12.620 1.51601e-2 3.80719e-4 1.09122e+2
12.640 1.52746e-2 3.84168e-4 1.06543e+2
12.660 1.53676e-2 3.86990e-4 1.04243e+2
12.680 1.54390e-2 3.89172e-4 1.02245e+2
12.700 1.54883e-2 3.90705e-4 1.00563e+2
12.720 1.55155e-2 3.91583e-4 9.92070e+1
12.740 1.55206e-2 3.91804e-4 9.81769e+1
12.760 1.55036e-2 3.91370e-4 9.74667e+1
12.780 1.54647e-2 3.90286e-4 9.70636e+1
12.800 1.54042e-2 3.88563e-4 9.69481e+1
12.820 1.53225e-2 3.86214e-4 9.70947e+1
12.840 1.52202e-2 3.83256e-4 9.74730e+1
12.860 1.50978e-2 3.79707e-4 9.80480e+1
12.880 1.49560e-2 3.75592e-4 9.87811e+1
12.900 1.47956e-2 3.70937e-4 9.96311e+1
12.920 1.46175e-2 3.65769e-4 1.00555e+2
12.940 1.44225e-2 3.60121e-4 1.01510e+2
12.960 1.42117e-2 3.54024e-4 1.02452e+2
12.980 1.39861e-2 3.47514e-4 1.03339e+2
13.000 1.37469e-2 3.40628e-4 1.04132e+2
13.020 1.34951e-2 3.33402e-4 1.04795e+2
13.040 1.32319e-2 3.25875e-4 1.05293e+2
13.060 1.29586e-2 3.18086e-4 1.05600e+2
13.080 1.26764e-2 3.10074e-4 1.05692e+2
13.100 1.23865e-2 3.01879e-4 1.05551e+2
13.120 1.20900e-2 2.93539e-4 1.05166e+2
13.140 1.17883e-2 2.85093e-4 1.04530e+2
13.160 1.14826e-2 2.76578e-4 1.03643e+2
13.180 1.11740e-2 2.68030e-4 1.02512e+2
13.200 1.08637e-2 2.59485e-4 1.01148e+2
13.220 1.05528e-2 2.50975e-4 9.95668e+1
13.240 1.02423e-2 2.42532e-4 9.77913e+1
13.260 9.93343e-3 2.34186e-4 9.58467e+1
13.280 9.62703e-3 2.25963e-4 9.37625e+1
13.300 9.32404e-3 2.17890e-4 9.15708e+1
13.320 9.02533e-3 2.09990e-4 8.93059e+1
13.340 8.73169e-3 2.02282e-4 8.70031e+1
13.360 8.44386e-3 1.94786e-4 8.46983e+1
13.380 8.16248e-3 1.87516e-4 8.24270e+1
13.400 7.88815e-3 1.80486e-4 8.02234e+1
13.420 7.62138e-3 1.73707e-4 7.81198e+1
13.440 7.36263e-3 1.67187e-4 7.61457e+1
13.460 7.11227e-3 1.60933e-4 7.43275e+1
13.480 6.87060e-3 1.54947e-4 7.26877e+1
13.500 6.63787e-3 1.49233e-4 7.12445e+1
13.520 6.41425e-3 1.43790e-4 7.00114e+1
13.540 6.19986e-3 1.38616e-4 6.89973e+1
13.560 5.99474e-3 1.33707e-4 6.82060e+1
13.580 5.79890e-3 1.29057e-4 6.76363e+1
13.600 5.61229e-3 1.24661e-4 6.72822e+1
13.620 5.43479e-3 1.20510e-4 6.71330e+1
13.640 5.26629e-3 1.16596e-4 6.71739e+1
13.660 5.10658e-3 1.12907e-4 6.73859e+1
13.680 4.95548e-3 1.09435e-4 6.77468e+1
13.700 4.81272e-3 1.06167e-4 6.82315e+1
13.720 4.67806e-3 1.03093e-4 6.88127e+1
13.740 4.55120e-3 1.00200e-4 6.94614e+1
13.760 4.43187e-3 9.74775e-5 7.01477e+1
13.780 4.31975e-3 9.49130e-5 7.08417e+1
13.800 4.21454e-3 9.24952e-5 7.15139e+1
13.820 4.11594e-3 9.02131e-5 7.21356e+1
13.840 4.02364e-3 8.80561e-5 7.26804e+1
13.860 3.93736e-3 8.60138e-5 7.31237e+1
13.880 3.85680e-3 8.40768e-5 7.34442e+1
13.900 3.78169e-3 8.22362e-5 7.36236e+1
13.920 3.71179e-3 8.04839e-5 7.36472e+1
13.940 3.64686e-3 7.88125e-5 7.35045e+1
13.960 3.58668e-3 7.72155e-5 7.31886e+1
13.980 3.53105e-3 7.56871e-5 7.26972e+1
14.000 3.47981e-3 7.42225e-5 7.20319e+1
14.020 3.43280e-3 7.28175e-5 7.11984e+1
14.040 3.38990e-3 7.14689e-5 7.02063e+1
14.060 3.35098e-3 7.01740e-5 6.90686e+1
14.080 3.31597e-3 6.89312e-5 6.78016e+1
14.100 3.28479e-3 6.77391e-5 6.64244e+1
14.120 3.25739e-3 6.65973e-5 6.49583e+1
14.140 3.23373e-3 6.55058e-5 6.34264e+1
14.160 3.21378e-3 6.44650e-5 6.18531e+1
14.180 3.19754e-3 6.34760e-5 6.02634e+1
14.200 3.18499e-3 6.25399e-5 5.86823e+1
14.220 3.17614e-3 6.16583e-5 5.71343e+1
14.240 3.17099e-3 6.08329e-5 5.56431e+1
14.260 3.16953e-3 6.00655e-5 5.42304e+1
14.280 3.17177e-3 5.93581e-5 5.29162e+1
14.300 3.17769e-3 5.87124e-5 5.17180e+1
14.320 3.18729e-3 5.81302e-5 5.06503e+1
14.340 3.20053e-3 5.76131e-5 4.97248e+1
14.360 3.21738e-3 5.71625e-5 4.89496e+1
14.380 3.23776e-3 5.67793e-5 4.83295e+1
14.400 3.26161e-3 5.64645e-5 4.78658e+1
14.420 3.28882e-3 5.62184e-5 4.75563e+1
14.440 3.31928e-3 5.60409e-5 4.73955e+1
14.460 3.35285e-3 5.59316e-5 4.73746e+1
14.480 3.38935e-3 5.58895e-5 4.74820e+1
14.500 3.42859e-3 5.59133e-5 4.77033e+1
14.520 3.47036e-3 5.60011e-5 4.80221e+1
14.540 3.51441e-3 5.61504e-5 4.84199e+1
14.560 3.56047e-3 5.63583e-5 4.88769e+1
14.580 3.60825e-3 5.66215e-5 4.93724e+1
14.600 3.65744e-3 5.69361e-5 4.98852e+1
14.620 3.70770e-3 5.72978e-5 5.03941e+1
14.640 3.75866e-3 5.77019e-5 5.08786e+1
14.660 3.80996e-3 5.81432e-5 5.13190e+1
14.680 3.86120e-3 5.86162e-5 5.16970e+1
14.700 3.91197e-3 5.91152e-5 5.19961e+1
14.720 3.96186e-3 5.96339e-5 5.22022e+1
14.740 4.01045e-3 6.01661e-5 5.23031e+1
14.760 4.05730e-3 6.07051e-5 5.22898e+1
14.780 4.10199e-3 6.12444e-5 5.21558e+1
14.800 4.14408e-3 6.17770e-5 5.18976e+1
14.820 4.18316e-3 6.22961e-5 5.15147e+1
14.840 4.21880e-3 6.27949e-5 5.10094e+1
14.860 4.25060e-3 6.32666e-5 5.03869e+1
14.880 4.27818e-3 6.37044e-5 4.96551e+1
14.900 4.30115e-3 6.41019e-5 4.88243e+1
14.920 4.31918e-3 6.44526e-5 4.79068e+1
14.940 4.33194e-3 6.47504e-5 4.69170e+1
14.960 4.33914e-3 6.49896e-5 4.58707e+1
14.980 4.34049e-3 6.51646e-5 4.47847e+1
15.000 4.33578e-3 6.52703e-5 4.36766e+1
15.020 4.32479e-3 6.53019e-5 4.25642e+1
15.040 4.30736e-3 6.52552e-5 4.14655e+1
15.060 4.28338e-3 6.51264e-5 4.03975e+1
15.080 4.25274e-3 6.49120e-5 3.93766e+1
15.100 4.21540e-3 6.46094e-5 3.84180e+1
15.120 4.17136e-3 6.42163e-5 3.75351e+1
15.140 4.12064e-3 6.37309e-5 3.67396e+1
15.160 4.06334e-3 6.31522e-5 3.60409e+1
15.180 3.99955e-3 6.24795e-5 3.54465e+1
15.200 3.92944e-3 6.17129e-5 3.49610e+1
15.220 3.85321e-3 6.08531e-5 3.45869e+1
15.240 3.77108e-3 5.99012e-5 3.43240e+1
15.260 3.68334e-3 5.88591e-5 3.41697e+1
15.280 3.59028e-3 5.77291e-5 3.41190e+1
15.300 3.49224e-3 5.65141e-5 3.41648e+1
15.320 3.38960e-3 5.52176e-5 3.42977e+1
15.340 3.28276e-3 5.38438e-5 3.45069e+1
15.360 3.17213e-3 5.23970e-5 3.47797e+1
15.380 3.05816e-3 5.08822e-5 3.51026e+1
15.400 2.94132e-3 4.93051e-5 3.54610e+1
15.420 2.82210e-3 4.76714e-5 3.58397e+1
15.440 2.70099e-3 4.59874e-5 3.62235e+1
15.460 2.57851e-3 4.42598e-5 3.65973e+1
15.480 2.45516e-3 4.24955e-5 3.69465e+1
15.500 2.33147e-3 4.07019e-5 3.72574e+1
15.520 2.20796e-3 3.88863e-5 3.75174e+1
15.540 2.08515e-3 3.70565e-5 3.77152e+1
15.560 1.96357e-3 3.52204e-5 3.78414e+1
15.580 1.84371e-3 3.33858e-5 3.78880e+1
15.600 1.72609e-3 3.15608e-5 3.78494e+1
15.620 1.61117e-3 2.97535e-5 3.77218e+1
15.640 1.49945e-3 2.79718e-5 3.75038e+1
15.660 1.39136e-3 2.62237e-5 3.71957e+1
15.680 1.28734e-3 2.45169e-5 3.68004e+1
15.700 1.18780e-3 2.28592e-5 3.63224e+1
15.720 1.09312e-3 2.12579e-5 3.57682e+1
15.740 1.00368e-3 1.97202e-5 3.51460e+1
15.760 9.19800e-4 1.82529e-5 3.44654e+1
15.780 8.41789e-4 1.68627e-5 3.37374e+1
15.800 7.69924e-4 1.55556e-5 3.29738e+1
15.820 7.04454e-4 1.43374e-5 3.21870e+1
15.840 6.45595e-4 1.32133e-5 3.13901e+1
15.860 5.93533e-4 1.21883e-5 3.05959e+1
15.880 5.48423e-4 1.12664e-5 2.98173e+1
15.900 5.10389e-4 1.04517e-5 2.90666e+1
15.920 4.79524e-4 9.74717e-6 2.83552e+1
15.940 4.55889e-4 9.15556e-6 2.76937e+1
15.960 4.39517e-4 8.67892e-6 2.70913e+1
15.980 4.30411e-4 8.31871e-6 2.65558e+1
16.000 4.28542e-4 8.07582e-6 2.60934e+1
16.020 4.33858e-4 7.95050e-6 2.57086e+1
16.040 4.46275e-4 7.94242e-6 2.54042e+1
16.060 4.65686e-4 8.05067e-6 2.51810e+1
16.080 4.91958e-4 8.27373e-6 2.50382e+1
16.100 5.24935e-4 8.60952e-6 2.49729e+1
16.120 5.64435e-4 9.05540e-6 2.49808e+1
16.140 6.10260e-4 9.60822e-6 2.50561e+1
16.160 6.62187e-4 1.02643e-5 2.51912e+1
16.180 7.19977e-4 1.10195e-5 2.53777e+1
16.200 7.83374e-4 1.18691e-5 2.56060e+1
16.220 8.52103e-4 1.28082e-5 2.58658e+1
16.240 9.25877e-4 1.38314e-5 2.61462e+1
16.260 1.00439e-3 1.49328e-5 2.64360e+1
16.280 1.08734e-3 1.61065e-5 2.67241e+1
16.300 1.17440e-3 1.73460e-5 2.69996e+1
16.320 1.26522e-3 1.86449e-5 2.72521e+1
16.340 1.35947e-3 1.99964e-5 2.74718e+1
16.360 1.45680e-3 2.13935e-5 2.76499e+1
16.380 1.55686e-3 2.28294e-5 2.77788e+1
16.400 1.65927e-3 2.42970e-5 2.78519e+1
16.420 1.76368e-3 2.57892e-5 2.78644e+1
16.440 1.86972e-3 2.72990e-5 2.78126e+1
16.460 1.97702e-3 2.88195e-5 2.76945e+1
16.480 2.08521e-3 3.03437e-5 2.75097e+1
16.500 2.19392e-3 3.18651e-5 2.72594e+1
16.520 2.30278e-3 3.33769e-5 2.69461e+1
16.540 2.41142e-3 3.48730e-5 2.65740e+1
16.560 2.51948e-3 3.63472e-5 2.61484e+1
16.580 2.62661e-3 3.77936e-5 2.56759e+1
16.600 2.73244e-3 3.92068e-5 2.51641e+1
16.620 2.83662e-3 4.05814e-5 2.46212e+1
16.640 2.93882e-3 4.19125e-5 2.40564e+1
16.660 3.03871e-3 4.31956e-5 2.34790e+1
16.680 3.13594e-3 4.44264e-5 2.28986e+1
16.700 3.23022e-3 4.56010e-5 2.23248e+1
16.720 3.32123e-3 4.67159e-5 2.17668e+1
16.740 3.40867e-3 4.77679e-5 2.12335e+1
16.760 3.49227e-3 4.87542e-5 2.07331e+1
16.780 3.57175e-3 4.96725e-5 2.02729e+1
16.800 3.64686e-3 5.05205e-5 1.98592e+1
16.820 3.71736e-3 5.12967e-5 1.94974e+1
16.840 3.78303e-3 5.19996e-5 1.91914e+1
16.860 3.84364e-3 5.26282e-5 1.89439e+1
16.880 3.89902e-3 5.31817e-5 1.87564e+1
16.900 3.94898e-3 5.36597e-5 1.86288e+1
16.920 3.99338e-3 5.40620e-5 1.85598e+1
16.940 4.03208e-3 5.43888e-5 1.85469e+1
16.960 4.06496e-3 5.46403e-5 1.85862e+1
16.980 4.09193e-3 5.48174e-5 1.86728e+1
17.000 4.11291e-3 5.49207e-5 1.88008e+1
17.020 4.12786e-3 5.49513e-5 1.89635e+1
17.040 4.13674e-3 5.49104e-5 1.91535e+1
17.060 4.13955e-3 5.47994e-5 1.93628e+1
17.080 4.13630e-3 5.46198e-5 1.95834e+1
17.100 4.12704e-3 5.43734e-5 1.98068e+1
17.120 4.11182e-3 5.40618e-5 2.00248e+1
17.140 4.09074e-3 5.36871e-5 2.02295e+1
17.160 4.06388e-3 5.32513e-5 2.04133e+1
17.180 4.03140e-3 5.27564e-5 2.05693e+1
17.200 3.99342e-3 5.22046e-5 2.06913e+1
17.220 3.95014e-3 5.15982e-5 2.07740e+1
17.240 3.90174e-3 5.09396e-5 2.08131e+1
17.260 3.84843e-3 5.02311e-5 2.08053e+1
17.280 3.79044e-3 4.94751e-5 2.07486e+1
17.300 3.72803e-3 4.86742e-5 2.06421e+1
17.320 3.66146e-3 4.78308e-5 2.04859e+1
17.340 3.59101e-3 4.69476e-5 2.02815e+1
17.360 3.51698e-3 4.60273e-5 2.00313e+1
17.380 3.43967e-3 4.50724e-5 1.97389e+1
17.400 3.35940e-3 4.40858e-5 1.94087e+1
17.420 3.27651e-3 4.30701e-5 1.90460e+1
17.440 3.19133e-3 4.20283e-5 1.86568e+1
17.460 3.10420e-3 4.09632e-5 1.82475e+1
17.480 3.01547e-3 3.98776e-5 1.78250e+1
17.500 2.92549e-3 3.87746e-5 1.73966e+1
17.520 2.83462e-3 3.76571e-5 1.69693e+1
17.540 2.74319e-3 3.65281e-5 1.65502e+1
17.560 2.65156e-3 3.53907e-5 1.61461e+1
17.580 2.56007e-3 3.42479e-5 1.57636e+1
17.600 2.46905e-3 3.31030e-5 1.54083e+1
17.620 2.37882e-3 3.19589e-5 1.50855e+1
17.640 2.28972e-3 3.08188e-5 1.47995e+1
17.660 2.20203e-3 2.96859e-5 1.45538e+1
17.680 2.11606e-3 2.85632e-5 1.43511e+1
17.700 2.03206e-3 2.74538e-5 1.41928e+1
17.720 1.95032e-3 2.63608e-5 1.40794e+1
17.740 1.87106e-3 2.52871e-5 1.40106e+1
17.760 1.79450e-3 2.42357e-5 1.39848e+1
17.780 1.72086e-3 2.32094e-5 1.39997e+1
17.800 1.65031e-3 2.22109e-5 1.40520e+1
17.820 1.58300e-3 2.12429e-5 1.41376e+1
17.840 1.51909e-3 2.03077e-5 1.42518e+1
17.860 1.45868e-3 1.94078e-5 1.43892e+1
17.880 1.40185e-3 1.85454e-5 1.45440e+1
17.900 1.34869e-3 1.77222e-5 1.47103e+1
17.920 1.29923e-3 1.69402e-5 1.48818e+1
17.940 1.25349e-3 1.62009e-5 1.50522e+1
17.960 1.21146e-3 1.55055e-5 1.52154e+1
17.980 1.17313e-3 1.48552e-5 1.53656e+1
18.000 1.13844e-3 1.42507e-5 1.54973e+1
18.020 1.10732e-3 1.36926e-5 1.56055e+1
18.040 1.07968e-3 1.31810e-5 1.56859e+1
18.060 1.05541e-3 1.27160e-5 1.57349e+1
18.080 1.03438e-3 1.22973e-5 1.57497e+1
18.100 1.01644e-3 1.19242e-5 1.57281e+1
18.120 1.00142e-3 1.15958e-5 1.56691e+1
18.140 9.89150e-4 1.13110e-5 1.55724e+1
18.160 9.79432e-4 1.10682e-5 1.54386e+1
18.180 9.72062e-4 1.08658e-5 1.52692e+1
18.200 9.66825e-4 1.07017e-5 1.50665e+1
18.220 9.63498e-4 1.05736e-5 1.48335e+1
18.240 9.61848e-4 1.04791e-5 1.45739e+1
18.260 9.61641e-4 1.04156e-5 1.42919e+1
18.280 9.62637e-4 1.03801e-5 1.39924e+1
18.300 9.64596e-4 1.03696e-5 1.36803e+1
18.320 9.67276e-4 1.03809e-5 1.33611e+1
18.340 9.70439e-4 1.04107e-5 1.30401e+1
18.360 9.73851e-4 1.04557e-5 1.27228e+1
18.380 9.77283e-4 1.05125e-5 1.24145e+1
18.400 9.80514e-4 1.05776e-5 1.21201e+1
18.420 9.83331e-4 1.06475e-5 1.18444e+1
18.440 9.85534e-4 1.07190e-5 1.15915e+1
18.460 9.86932e-4 1.07886e-5 1.13650e+1
18.480 9.87352e-4 1.08532e-5 1.11679e+1
18.500 9.86634e-4 1.09099e-5 1.10026e+1
18.520 9.84636e-4 1.09556e-5 1.08705e+1
18.540 9.81232e-4 1.09877e-5 1.07725e+1
18.560 9.76318e-4 1.10038e-5 1.07085e+1
18.580 9.69810e-4 1.10018e-5 1.06779e+1
18.600 9.61644e-4 1.09797e-5 1.06791e+1
18.620 9.51780e-4 1.09360e-5 1.07100e+1
18.640 9.40201e-4 1.08694e-5 1.07677e+1
18.660 9.26913e-4 1.07791e-5 1.08489e+1
18.680 9.11948e-4 1.06645e-5 1.09496e+1
18.700 8.95361e-4 1.05255e-5 1.10657e+1
18.720 8.77235e-4 1.03623e-5 1.11927e+1
18.740 8.57676e-4 1.01756e-5 1.13257e+1
18.760 8.36816e-4 9.96638e-6 1.14601e+1
18.780 8.14814e-4 9.73602e-6 1.15911e+1
18.800 7.91852e-4 9.48633e-6 1.17141e+1
18.820 7.68138e-4 9.21949e-6 1.18249e+1
18.840 7.43903e-4 8.93805e-6 1.19193e+1
18.860 7.19403e-4 8.64490e-6 1.19939e+1
18.880 6.94917e-4 8.34327e-6 1.20456e+1
18.900 6.70743e-4 8.03670e-6 1.20719e+1
18.920 6.47203e-4 7.72902e-6 1.20711e+1
18.940 6.24635e-4 7.42434e-6 1.20418e+1
18.960 6.03396e-4 7.12699e-6 1.19836e+1
18.980 5.83861e-4 6.84151e-6 1.18966e+1
19.000 5.66416e-4 6.57262e-6 1.17817e+1
19.020 5.51462e-4 6.32517e-6 1.16402e+1
19.040 5.39408e-4 6.10411e-6 1.14744e+1
19.060 5.30674e-4 5.91447e-6 1.12867e+1
19.080 5.25683e-4 5.76132e-6 1.10802e+1
19.100 5.24862e-4 5.64969e-6 1.08584e+1
19.120 5.28639e-4 5.58459e-6 1.06251e+1
19.140 5.37440e-4 5.57094e-6 1.03844e+1
19.160 5.51685e-4 5.61354e-6 1.01403e+1
19.180 5.71788e-4 5.71702e-6 9.89700e+0
19.200 5.98150e-4 5.88584e-6 9.65871e+0
19.220 6.31159e-4 6.12420e-6 9.42936e+0
19.240 6.71186e-4 6.43607e-6 9.21266e+0
19.260 7.18581e-4 6.82510e-6 9.01203e+0
19.280 7.73671e-4 7.29460e-6 8.83046e+0
19.300 8.36756e-4 7.84757e-6 8.67050e+0
19.320 9.08108e-4 8.48659e-6 8.53416e+0
19.340 9.87964e-4 9.21383e-6 8.42293e+0
19.360 1.07653e-3 1.00311e-5 8.33768e+0
19.380 1.17396e-3 1.09396e-5 8.27872e+0
19.400 1.28038e-3 1.19402e-5 8.24575e+0
19.420 1.39587e-3 1.30333e-5 8.23788e+0
19.440 1.52047e-3 1.42188e-5 8.25370e+0
19.460 1.65415e-3 1.54959e-5 8.29124e+0
19.480 1.79685e-3 1.68635e-5 8.34812e+0
19.500 1.94844e-3 1.83201e-5 8.42151e+0
19.520 2.10875e-3 1.98632e-5 8.50827e+0
19.540 2.27756e-3 2.14904e-5 8.60500e+0
19.560 2.45457e-3 2.31983e-5 8.70813e+0
19.580 2.63945e-3 2.49832e-5 8.81398e+0
19.600 2.83179e-3 2.68409e-5 8.91886e+0
19.620 3.03115e-3 2.87668e-5 9.01918e+0
19.640 3.23700e-3 3.07555e-5 9.11148e+0
19.660 3.44878e-3 3.28016e-5 9.19256e+0
19.680 3.66588e-3 3.48990e-5 9.25949e+0
19.700 3.88762e-3 3.70412e-5 9.30973e+0
19.720 4.11328e-3 3.92213e-5 9.34116e+0
19.740 4.34208e-3 4.14323e-5 9.35211e+0
19.760 4.57323e-3 4.36664e-5 9.34142e+0
19.780 4.80587e-3 4.59159e-5 9.30845e+0
19.800 5.03910e-3 4.81727e-5 9.25305e+0
19.820 5.27200e-3 5.04285e-5 9.17565e+0
19.840 5.50363e-3 5.26747e-5 9.07713e+0
19.860 5.73302e-3 5.49027e-5 8.95887e+0
19.880 5.95917e-3 5.71036e-5 8.82271e+0
19.900 6.18109e-3 5.92687e-5 8.67087e+0
19.920 6.39775e-3 6.13889e-5 8.50590e+0
19.940 6.60816e-3 6.34555e-5 8.33064e+0
19.960 6.81131e-3 6.54595e-5 8.14813e+0
19.980 7.00621e-3 6.73923e-5 7.96157e+0
20.000 7.19189e-3 6.92453e-5 7.77419e+0
20.020 7.36740e-3 7.10101e-5 7.58923e+0
20.040 7.53181e-3 7.26785e-5 7.40985e+0
20.060 7.68425e-3 7.42428e-5 7.23902e+0
20.080 7.82389e-3 7.56953e-5 7.07951e+0
20.100 7.94993e-3 7.70289e-5 6.93382e+0
20.120 8.06164e-3 7.82370e-5 6.80410e+0
20.140 8.15835e-3 7.93133e-5 6.69209e+0
20.160 8.23946e-3 8.02519e-5 6.59916e+0
20.180 8.30442e-3 8.10478e-5 6.52620e+0
20.200 8.35280e-3 8.16963e-5 6.47365e+0
20.220 8.38419e-3 8.21934e-5 6.44150e+0
20.240 8.39832e-3 8.25358e-5 6.42927e+0
20.260 8.39496e-3 8.27208e-5 6.43603e+0
20.280 8.37400e-3 8.27464e-5 6.46044e+0
20.300 8.33542e-3 8.26114e-5 6.50079e+0
20.320 8.27927e-3 8.23153e-5 6.55501e+0
20.340 8.20571e-3 8.18585e-5 6.62077e+0
20.360 8.11499e-3 8.12419e-5 6.69549e+0
20.380 8.00745e-3 8.04674e-5 6.77643e+0
20.400 7.88353e-3 7.95375e-5 6.86074e+0
20.420 7.74375e-3 7.84557e-5 6.94554e+0
20.440 7.58872e-3 7.72261e-5 7.02797e+0
20.460 7.41913e-3 7.58536e-5 7.10528e+0
20.480 7.23576e-3 7.43438e-5 7.17484e+0
20.500 7.03946e-3 7.27030e-5 7.23427e+0
20.520 6.83115e-3 7.09382e-5 7.28144e+0
20.540 6.61182e-3 6.90571e-5 7.31452e+0
20.560 6.38251e-3 6.70679e-5 7.33204e+0
20.580 6.14433e-3 6.49795e-5 7.33291e+0
20.600 5.89843e-3 6.28011e-5 7.31643e+0
20.620 5.64598e-3 6.05426e-5 7.28231e+0
20.640 5.38822e-3 5.82141e-5 7.23068e+0
20.660 5.12639e-3 5.58263e-5 7.16206e+0
20.680 4.86174e-3 5.33898e-5 7.07737e+0
20.700 4.59555e-3 5.09158e-5 6.97788e+0
20.720 4.32908e-3 4.84155e-5 6.86521e+0
20.740 4.06361e-3 4.59002e-5 6.74124e+0
20.760 3.80039e-3 4.33812e-5 6.60810e+0
20.780 3.54063e-3 4.08697e-5 6.46813e+0
20.800 3.28553e-3 3.83769e-5 6.32378e+0
20.820 3.03627e-3 3.59138e-5 6.17758e+0
20.840 2.79394e-3 3.34910e-5 6.03210e+0
20.860 2.55961e-3 3.11189e-5 5.88984e+0
20.880 2.33430e-3 2.88075e-5 5.75322e+0
20.900 2.11894e-3 2.65664e-5 5.62452e+0
20.920 1.91440e-3 2.44045e-5 5.50579e+0
20.940 1.72149e-3 2.23303e-5 5.39885e+0
20.960 1.54093e-3 2.03517e-5 5.30524e+0
20.980 1.37337e-3 1.84759e-5 5.22618e+0
21.000 1.21935e-3 1.67093e-5 5.16254e+0
21.020 1.07937e-3 1.50577e-5 5.11483e+0
21.040 9.53784e-4 1.35261e-5 5.08323e+0
21.060 8.42906e-4 1.21186e-5 5.06751e+0
21.080 7.46936e-4 1.08388e-5 5.06710e+0
21.100 6.65991e-4 9.68908e-6 5.08112e+0
21.120 6.00100e-4 8.67129e-6 5.10833e+0
21.140 5.49203e-4 7.78635e-6 5.14725e+0
21.160 5.13158e-4 7.03435e-6 5.19611e+0
21.180 4.91740e-4 6.41462e-6 5.25298e+0
21.200 4.84645e-4 5.92568e-6 5.31575e+0
21.220 4.91494e-4 5.56529e-6 5.38220e+0
21.240 5.11838e-4 5.33050e-6 5.45008e+0
21.260 5.45160e-4 5.21764e-6 5.51710e+0
21.280 5.90883e-4 5.22242e-6 5.58106e+0
21.300 6.48374e-4 5.33992e-6 5.63983e+0
21.320 7.16949e-4 5.56466e-6 5.69145e+0
21.340 7.95877e-4 5.89065e-6 5.73411e+0
21.360 8.84391e-4 6.31146e-6 5.76629e+0
21.380 9.81688e-4 6.82025e-6 5.78667e+0
21.400 1.08694e-3 7.40985e-6 5.79425e+0
21.420 1.19930e-3 8.07280e-6 5.78835e+0
21.440 1.31789e-3 8.80143e-6 5.76857e+0
21.460 1.44185e-3 9.58791e-6 5.73488e+0
21.480 1.57029e-3 1.04243e-5 5.68753e+0
21.500 1.70233e-3 1.13027e-5 5.62712e+0
21.520 1.83711e-3 1.22151e-5 5.55453e+0
21.540 1.97377e-3 1.31536e-5 5.47090e+0
21.560 2.11146e-3 1.41105e-5 5.37764e+0
21.580 2.24935e-3 1.50783e-5 5.27636e+0
21.600 2.38666e-3 1.60495e-5 5.16882e+0
21.620 2.52260e-3 1.70171e-5 5.05692e+0
21.640 2.65645e-3 1.79743e-5 4.94266e+0
21.660 2.78750e-3 1.89147e-5 4.82806e+0
21.680 2.91507e-3 1.98322e-5 4.71512e+0
21.700 3.03854e-3 2.07212e-5 4.60581e+0
21.720 3.15733e-3 2.15763e-5 4.50197e+0
21.740 3.27087e-3 2.23927e-5 4.40531e+0
21.760 3.37868e-3 2.31661e-5 4.31738e+0
21.780 3.48027e-3 2.38925e-5 4.23950e+0
21.800 3.57524e-3 2.45684e-5 4.17274e+0
21.820 3.66320e-3 2.51908e-5 4.11793e+0
21.840 3.74382e-3 2.57571e-5 4.07560e+0
21.860 3.81680e-3 2.62652e-5 4.04602e+0
21.880 3.88190e-3 2.67133e-5 4.02914e+0
21.900 3.93889e-3 2.71001e-5 4.02465e+0
21.920 3.98761e-3 2.74246e-5 4.03194e+0
21.940 4.02791e-3 2.76864e-5 4.05016e+0
21.960 4.05969e-3 2.78852e-5 4.07821e+0
21.980 4.08288e-3 2.80211e-5 4.11480e+0
22.000 4.09745e-3 2.80945e-5 4.15844e+0
22.020 4.10338e-3 2.81061e-5 4.20752e+0
22.040 4.10071e-3 2.80568e-5 4.26030e+0
22.060 4.08948e-3 2.79479e-5 4.31500e+0
22.080 4.06978e-3 2.77806e-5 4.36981e+0
22.100 4.04170e-3 2.75565e-5 4.42295e+0
22.120 4.00538e-3 2.72772e-5 4.47268e+0
22.140 3.96096e-3 2.69445e-5 4.51739e+0
22.160 3.90862e-3 2.65605e-5 4.55558e+0
22.180 3.84856e-3 2.61270e-5 4.58593e+0
22.200 3.78099e-3 2.56462e-5 4.60731e+0
22.220 3.70615e-3 2.51203e-5 4.61881e+0
22.240 3.62431e-3 2.45514e-5 4.61978e+0
22.260 3.53573e-3 2.39418e-5 4.60980e+0
22.280 3.44073e-3 2.32939e-5 4.58870e+0
22.300 3.33962e-3 2.26101e-5 4.55659e+0
22.320 3.23276e-3 2.18926e-5 4.51383e+0
22.340 3.12050e-3 2.11440e-5 4.46101e+0
22.360 3.00324e-3 2.03668e-5 4.39895e+0
22.380 2.88139e-3 1.95636e-5 4.32870e+0
22.400 2.75539e-3 1.87369e-5 4.25144e+0
22.420 2.62569e-3 1.78896e-5 4.16855e+0
22.440 2.49280e-3 1.70243e-5 4.08150e+0
22.460 2.35721e-3 1.61440e-5 3.99185e+0
22.480 2.21947e-3 1.52517e-5 3.90120e+0
22.500 2.08014e-3 1.43505e-5 3.81117e+0
22.520 1.93982e-3 1.34437e-5 3.72334e+0
22.540 1.79911e-3 1.25346e-5 3.63923e+0
22.560 1.65867e-3 1.16270e-5 3.56026e+0
22.580 1.51916e-3 1.07244e-5 3.48772e+0
22.600 1.38127e-3 9.83072e-6 3.42275e+0
22.620 1.24572e-3 8.95011e-6 3.36630e+0
22.640 1.11325e-3 8.08679e-6 3.31912e+0
22.660 9.84614e-4 7.24517e-6 3.28174e+0
22.680 8.60589e-4 6.42984e-6 3.25446e+0
22.700 7.41966e-4 5.64557e-6 3.23736e+0
22.720 6.29550e-4 4.89728e-6 3.23028e+0
22.740 5.24156e-4 4.19002e-6 3.23284e+0
22.760 4.26606e-4 3.52899e-6 3.24445e+0
22.780 3.37725e-4 2.91949e-6 3.26430e+0
22.800 2.58335e-4 2.36692e-6 3.29144e+0
22.820 1.89257e-4 1.87672e-6 3.32472e+0
22.840 1.31299e-4 1.45437e-6 3.36291e+0
22.860 8.52571e-5 1.10538e-6 3.40465e+0
22.880 5.19078e-5 8.35187e-7 3.44853e+0
22.900 3.20041e-5 6.49183e-7 3.49311e+0
22.920 2.62700e-5 5.52647e-7 3.53694e+0
22.940 3.53954e-5 5.50709e-7 3.57862e+0
22.960 6.00313e-5 6.48311e-7 3.61680e+0
22.980 1.00784e-4 8.50160e-7 3.65025e+0
23.000 1.58212e-4 1.16069e-6 3.67783e+0
23.020 2.32817e-4 1.58401e-6 3.69858e+0
23.040 3.25042e-4 2.12388e-6 3.71169e+0
23.060 4.35269e-4 2.78364e-6 3.71655e+0
23.080 5.63808e-4 3.56619e-6 3.71273e+0
23.100 7.10899e-4 4.47394e-6 3.70002e+0
23.120 8.76705e-4 5.50880e-6 3.67841e+0
23.140 1.06131e-3 6.67209e-6 3.64810e+0
23.160 1.26471e-3 7.96456e-6 3.60948e+0
23.180 1.48684e-3 9.38635e-6 3.56315e+0
23.200 1.72750e-3 1.09369e-5 3.50986e+0
23.220 1.98645e-3 1.26152e-5 3.45053e+0
23.240 2.26334e-3 1.44192e-5 3.38619e+0
23.260 2.55773e-3 1.63465e-5 3.31800e+0
23.280 2.86908e-3 1.83938e-5 3.24719e+0
23.300 3.19679e-3 2.05572e-5 3.17503e+0
23.320 3.54013e-3 2.28321e-5 3.10283e+0
23.340 3.89832e-3 2.52132e-5 3.03186e+0
23.360 4.27049e-3 2.76945e-5 2.96338e+0
23.380 4.65566e-3 3.02695e-5 2.89856e+0
23.400 5.05281e-3 3.29310e-5 2.83850e+0
23.420 5.46082e-3 3.56710e-5 2.78416e+0
23.440 5.87852e-3 3.84812e-5 2.73638e+0
23.460 6.30467e-3 4.13528e-5 2.69581e+0
23.480 6.73796e-3 4.42764e-5 2.66298e+0
23.500 7.17704e-3 4.72421e-5 2.63820e+0
23.520 7.62051e-3 5.02399e-5 2.62160e+0
23.540 8.06693e-3 5.32592e-5 2.61315e+0
23.560 8.51483e-3 5.62894e-5 2.61260e+0
23.580 8.96272e-3 5.93193e-5 2.61954e+0
23.600 9.40908e-3 6.23380e-5 2.63341e+0
23.620 9.85239e-3 6.53343e-5 2.65346e+0
23.640 1.02911e-2 6.82971e-5 2.67885e+0
23.660 1.07237e-2 7.12150e-5 2.70860e+0
23.680 1.11488e-2 7.40772e-5 2.74165e+0
23.700 1.15647e-2 7.68728e-5 2.77689e+0
23.720 1.19700e-2 7.95912e-5 2.81314e+0
23.740 1.23634e-2 8.22220e-5 2.84925e+0
23.760 1.27434e-2 8.47553e-5 2.88405e+0
23.780 1.31087e-2 8.71815e-5 2.91645e+0
23.800 1.34580e-2 8.94915e-5 2.94539e+0
23.820 1.37901e-2 9.16769e-5 2.96993e+0
23.840 1.41039e-2 9.37294e-5 2.98924e+0
23.860 1.43983e-2 9.56418e-5 3.00259e+0
23.880 1.46722e-2 9.74071e-5 3.00944e+0
23.900 1.49248e-2 9.90194e-5 3.00937e+0
23.920 1.51553e-2 1.00473e-4 3.00214e+0
23.940 1.53628e-2 1.01764e-4 2.98767e+0
23.960 1.55468e-2 1.02887e-4 2.96607e+0
23.980 1.57067e-2 1.03840e-4 2.93759e+0
24.000 1.58420e-2 1.04620e-4 2.90265e+0
24.020 1.59525e-2 1.05225e-4 2.86180e+0
24.040 1.60377e-2 1.05655e-4 2.81574e+0
24.060 1.60977e-2 1.05908e-4 2.76528e+0
24.080 1.61322e-2 1.05987e-4 2.71131e+0
24.100 1.61414e-2 1.05892e-4 2.65482e+0
24.120 1.61254e-2 1.05624e-4 2.59683e+0
24.140 1.60844e-2 1.05188e-4 2.53840e+0
24.160 1.60187e-2 1.04585e-4 2.48056e+0
24.180 1.59287e-2 1.03820e-4 2.42437e+0
24.200 1.58150e-2 1.02897e-4 2.37080e+0
24.220 1.56781e-2 1.01822e-4 2.32077e+0
24.240 1.55186e-2 1.00600e-4 2.27511e+0
24.260 1.53373e-2 9.92364e-5 2.23455e+0
24.280 1.51349e-2 9.77387e-5 2.19969e+0
24.300 1.49124e-2 9.61134e-5 2.17099e+0
24.320 1.46706e-2 9.43677e-5 2.14878e+0
24.340 1.44106e-2 9.25091e-5 2.13324e+0
24.360 1.41333e-2 9.05455e-5 2.12439e+0
24.380 1.38398e-2 8.84847e-5 2.12209e+0
24.400 1.35312e-2 8.63351e-5 2.12607e+0
24.420 1.32086e-2 8.41048e-5 2.13592e+0
24.440 1.28733e-2 8.18023e-5 2.15109e+0
24.460 1.25264e-2 7.94360e-5 2.17091e+0
24.480 1.21692e-2 7.70143e-5 2.19464e+0
24.500 1.18028e-2 7.45459e-5 2.22143e+0
24.520 1.14285e-2 7.20389e-5 2.25039e+0
24.540 1.10476e-2 6.95017e-5 2.28057e+0
24.560 1.06612e-2 6.69426e-5 2.31102e+0
24.580 1.02706e-2 6.43696e-5 2.34079e+0
24.600 9.87713e-3 6.17906e-5 2.36895e+0
24.620 9.48191e-3 5.92133e-5 2.39463e+0
24.640 9.08617e-3 5.66453e-5 2.41700e+0
24.660 8.69110e-3 5.40938e-5 2.43535e+0
24.680 8.29788e-3 5.15661e-5 2.44905e+0
24.700 7.90766e-3 4.90689e-5 2.45757e+0
24.720 7.52155e-3 4.66089e-5 2.46054e+0
24.740 7.14067e-3 4.41924e-5 2.45770e+0
24.760 6.76607e-3 4.18256e-5 2.44892e+0
24.780 6.39881e-3 3.95143e-5 2.43422e+0
24.800 6.03988e-3 3.72643e-5 2.41376e+0
24.820 5.69027e-3 3.50807e-5 2.38782e+0
24.840 5.35093e-3 3.29688e-5 2.35681e+0
24.860 5.02275e-3 3.09334e-5 2.32125e+0
24.880 4.70662e-3 2.89792e-5 2.28176e+0
24.900 4.40338e-3 2.71105e-5 2.23905e+0
24.920 4.11383e-3 2.53316e-5 2.19390e+0
24.940 3.83874e-3 2.36463e-5 2.14713e+0
24.960 3.57885e-3 2.20584e-5 2.09959e+0
24.980 3.33486e-3 2.05713e-5 2.05216e+0
25.000 3.10742e-3 1.91885e-5 2.00568e+0
