a      theta   min saving (H-exp) old-J  new-J   argmin nu1 (new)
0.3383 0.5113  0.00000  0.00000  0.013
0.3433 0.5228  0.00000  0.00052  0.024
0.3483 0.5345  0.00000  0.00241  0.036
0.3533 0.5464  0.00008  0.00385  0.498
0.3583 0.5584  0.00015  0.00470  0.061
0.3633 0.5707  0.00008  0.00572  0.072
0.3683 0.5831  0.00020  0.00670  0.084
0.3733 0.5957  0.00013  0.00731  0.097
0.3783 0.6086  0.00058  0.00849  0.490
0.3833 0.6216  0.00015  0.00924  0.123
0.3883 0.6349  0.00134  0.01052  0.155
0.3933 0.6484  0.00078  0.01075  0.494
0.3983 0.6620  0.00020  0.01195  0.163
0.4033 0.6760  0.00294  0.01340  0.228
0.4083 0.6901  0.00323  0.01374  0.227
0.4133 0.7045  0.00243  0.01405  0.226
0.4183 0.7192  0.00165  0.01439  0.226
0.4233 0.7341  0.00086  0.01580  0.235
0.4283 0.7493  0.00004  0.01783  0.499
0.4333 0.7647  0.00425  0.01985  0.265
0.4383 0.7804  0.00862  0.02188  0.281
0.4433 0.7964  0.01299  0.02391  0.297
0.4483 0.8127  0.01292  0.02593  0.313
0.4533 0.8293  0.01167  0.02796  0.330
0.4583 0.8462  0.01042  0.02865  0.349
0.4633 0.8634  0.00917  0.02896  0.364
0.4683 0.8809  0.00792  0.02927  0.382
0.4733 0.8987  0.00667  0.02958  0.399
0.4783 0.9169  0.00542  0.02990  0.420
0.4833 0.9355  0.00417  0.03021  0.436
0.4883 0.9544  0.00292  0.03052  0.455
0.4933 0.9737  0.00167  0.03083  0.474
0.4983 0.9934  0.00042  0.03115  0.494
0.4999 0.9996  0.00002  0.03124  0.500
