logY Y sqrtY_P sqrtY_T sqrtY_L1 sqrtY_L2 sqrtY_R
6.90675 999 -0.4694559 -0.0175536 -0.0193724 -0.0529780 -0.3795519
6.93049 1023 -0.4201325 -0.0098204 -0.0228021 -0.0894595 -0.2980506
6.95368 1047 -0.3302640 -0.0051624 -0.0188466 -0.0813271 -0.2249280
6.97635 1071 -0.2571168 -0.0048064 -0.0105121 -0.0405447 -0.2012536
6.99942 1096 -0.2468276 0.0039810 0.0009810 -0.0050473 -0.2467423
7.02287 1122 -0.1212706 0.0068581 0.0115970 0.0408400 -0.1805657
7.04578 1148 0.0002817 0.0049726 0.0107819 0.0414779 -0.0569506
7.06902 1175 0.0315806 0.0096225 0.0076322 0.0141048 0.0002211
7.09174 1202 -0.0218232 0.0066344 0.0046992 0.0069097 -0.0400665
7.11477 1230 -0.1105453 0.0019981 0.0098196 0.0441026 -0.1664656
7.13807 1259 -0.1626899 -0.0027646 0.0119574 0.0666985 -0.2385812
7.16162 1289 -0.0714014 -0.0063111 0.0146970 0.0892627 -0.1690500
7.18463 1319 0.0538415 -0.0130343 0.0164367 0.1147695 -0.0643304
7.20712 1349 0.1744839 -0.0114097 0.0205007 0.1310276 0.0343654
7.23056 1381 0.2332013 -0.0025466 0.0248836 0.1307846 0.0800797
7.25347 1413 0.2406763 0.0073001 0.0224507 0.0940030 0.1169225
7.27656 1446 0.2565038 0.0103148 0.0175956 0.0621909 0.1664025
7.29980 1480 0.1685069 0.0086945 0.0068022 0.0122747 0.1407356
7.32317 1515 0.1267817 0.0123788 0.0003365 -0.0292645 0.1433310
7.34601 1550 0.0309556 0.0082557 -0.0009302 -0.0252905 0.0489206
7.36897 1586 -0.0014819 0.0039711 -0.0066366 -0.0431108 0.0442945
7.39203 1623 0.1808963 0.0100433 -0.0096067 -0.0731417 0.2536013
7.41518 1661 0.3279990 0.0057488 -0.0114025 -0.0713844 0.4050371
7.43838 1700 0.3257935 -0.0101427 -0.0096870 -0.0230785 0.3687018
7.46164 1740 0.3240922 -0.0214844 -0.0104711 0.0013556 0.3546921
7.48437 1780 0.2414615 -0.0135003 -0.0055577 0.0059625 0.2545570
7.50769 1822 0.1232423 -0.0062547 -0.0050670 -0.0096983 0.1442623
7.53048 1864 0.1144944 -0.0017968 -0.0145436 -0.0682262 0.1990610
7.55381 1908 0.0999303 -0.0009855 -0.0183971 -0.0895218 0.2088347
7.57712 1953 0.1048721 0.0056079 -0.0183261 -0.1056502 0.2232405
7.59990 1998 0.1613626 0.0070880 -0.0211154 -0.1232969 0.2986869
7.62315 2045 0.1743858 0.0126720 -0.0190899 -0.1271293 0.3079330
7.64635 2093 0.0979425 0.0171517 -0.0159545 -0.1226517 0.2193969
7.66950 2142 0.1223546 0.0154231 -0.0134161 -0.1056379 0.2259855
7.69257 2192 0.1461312 0.0079367 -0.0164704 -0.1021937 0.2568585
7.71557 2243 0.1380054 -0.0046911 -0.0103933 -0.0402388 0.1933286
7.73849 2295 0.1238348 -0.0114061 -0.0005984 0.0255232 0.1103161
7.76174 2349 0.2341131 -0.0084316 0.0095656 0.0689069 0.1640723
7.78489 2404 0.2898479 -0.0087466 0.0155909 0.0998210 0.1831827
7.80792 2460 0.4615755 -0.0153677 0.0163344 0.1200914 0.3405175
7.83082 2517 0.4162197 -0.0097499 0.0135270 0.0920097 0.3204329
7.85399 2576 0.2370806 0.0063860 0.0149633 0.0588518 0.1568795
7.87702 2636 0.1656450 0.0145005 0.0134571 0.0310344 0.1066529
7.90027 2698 0.1791143 0.0118903 0.0076487 0.0085177 0.1510576
7.92335 2761 0.1164688 0.0083199 0.0030214 -0.0056925 0.1108199
7.94626 2825 0.0650945 0.0046719 0.0033359 0.0049998 0.0520870
7.96936 2891 0.0390509 0.0069133 0.0000548 -0.0170092 0.0490920
7.99261 2959 0.0617676 0.0059224 -0.0092300 -0.0609561 0.1260313
8.01566 3028 0.1378590 -0.0055922 -0.0135869 -0.0539543 0.2109923
8.03883 3099 0.0688086 -0.0162719 -0.0099169 -0.0089047 0.1039022
8.06180 3171 0.0708618 -0.0187541 0.0019782 0.0567762 0.0308615
8.08487 3245 0.1106842 -0.0172442 0.0132335 0.1092782 0.0054166
8.10802 3321 0.0329092 -0.0068658 0.0168387 0.1013582 -0.0784220
8.13094 3398 -0.1206148 0.0047234 0.0108246 0.0423146 -0.1784774
8.15421 3478 -0.2313241 0.0071054 -0.0005944 -0.0207352 -0.2170999
8.17723 3559 -0.4006282 0.0072394 -0.0110121 -0.0731588 -0.3236967
8.20029 3642 -0.5302144 0.0091380 -0.0169264 -0.1074771 -0.4149488
8.22336 3727 -0.6364107 0.0120513 -0.0190130 -0.1251933 -0.5042557
8.24643 3814 -0.6618539 0.0129955 -0.0193311 -0.1291443 -0.5263741
8.26950 3903 -0.6726571 0.0032401 -0.0161254 -0.0887275 -0.5710443
8.29255 3994 -0.6402281 -0.0040661 -0.0142859 -0.0612641 -0.5606120
8.31581 4088 -0.5782625 -0.0103229 -0.0148454 -0.0484195 -0.5046747
8.33878 4183 -0.4947091 -0.0107076 -0.0063021 -0.0047416 -0.4729579
8.36194 4281 -0.3090535 -0.0150077 -0.0025193 0.0249226 -0.3164491
8.38503 4381 -0.1496559 -0.0073141 -0.0000708 0.0179309 -0.1602019
8.40805 4483 -0.0783926 -0.0054332 0.0065655 0.0464106 -0.1259354
8.43120 4588 -0.1270127 0.0037573 0.0041698 0.0114557 -0.1463954
8.45425 4695 -0.1297993 0.0132336 0.0076132 0.0049820 -0.1556281
8.47741 4805 -0.0052227 0.0150833 0.0153049 0.0388163 -0.0744272
8.50045 4917 0.0627063 0.0167882 0.0173343 0.0447010 -0.0161173
8.52357 5032 0.1650386 0.0154945 0.0198149 0.0603385 0.0693907
8.54656 5149 0.1687965 0.0129988 0.0224366 0.0796859 0.0536752
8.56960 5269 0.2468343 0.0097776 0.0245690 0.0984009 0.1140868
8.59267 5392 0.3188722 -0.0005379 0.0246550 0.1246199 0.1701352
8.61577 5518 0.3666931 -0.0118846 0.0222224 0.1408237 0.2155316
8.63888 5647 0.3081915 -0.0175605 0.0192662 0.1402321 0.1662538
8.66199 5779 0.2938620 -0.0204842 0.0186953 0.1446869 0.1509641
8.68508 5914 0.3954770 -0.0117859 0.0257938 0.1584337 0.2230355
8.70814 6052 0.4797020 0.0011518 0.0376621 0.1854310 0.2554571
8.73134 6194 0.4825194 0.0040807 0.0441992 0.2107945 0.2234449
8.75432 6338 0.4026148 0.0063495 0.0374662 0.1714571 0.1873421
8.77740 6486 0.2307182 0.0064098 0.0277898 0.1229247 0.0735939
8.80057 6638 0.0650919 0.0032517 0.0194347 0.0890442 -0.0466387
8.82365 6793 -0.1253858 0.0011911 0.0076260 0.0351526 -0.1693555
8.84664 6951 -0.1599120 -0.0002304 0.0030263 0.0157077 -0.1784155
8.86982 7114 -0.2398338 -0.0035138 -0.0053471 -0.0179510 -0.2130219
8.89289 7280 -0.3509147 -0.0059844 -0.0158089 -0.0640837 -0.2650376
8.91597 7450 -0.3512155 -0.0056103 -0.0260385 -0.1161665 -0.2034003
8.93906 7624 -0.3537687 -0.0083384 -0.0307155 -0.1327315 -0.1819833
8.96214 7802 -0.2643558 -0.0099846 -0.0387130 -0.1686037 -0.0470545
8.98519 7984 -0.3290465 -0.0008729 -0.0482632 -0.2391338 -0.0407767
9.00835 8171 -0.3655827 0.0075619 -0.0471648 -0.2547287 -0.0712510
9.03133 8361 -0.3260938 0.0101136 -0.0436141 -0.2433545 -0.0492387
9.05450 8557 -0.2948445 0.0136017 -0.0478408 -0.2732083 0.0126028
9.07761 8757 -0.1589658 0.0054940 -0.0456396 -0.2419329 0.1231127
9.10064 8961 -0.0361033 0.0072226 -0.0377175 -0.2066439 0.2010354
9.12369 9170 0.1438567 0.0013321 -0.0301879 -0.1542694 0.3269820
9.14676 9384 0.1802636 0.0031381 -0.0271746 -0.1437184 0.3480184
9.16993 9604 0.2462291 0.0085170 -0.0251862 -0.1472233 0.4101216
9.19299 9828 0.2675187 0.0010983 -0.0192625 -0.0990584 0.3847413
9.21602 10057 0.1066157 -0.0110155 -0.0205912 -0.0754172 0.2136396
9.23912 10292 -0.1141989 -0.0215408 -0.0193413 -0.0428545 -0.0304624
9.26227 10533 -0.2788130 -0.0211964 -0.0126443 -0.0102303 -0.2347421
9.28536 10779 -0.3508006 -0.0073213 -0.0082371 -0.0228821 -0.3123602
9.30837 11030 -0.4510926 0.0048625 -0.0022813 -0.0235627 -0.4301112
9.33150 11288 -0.4763124 0.0106896 0.0068809 0.0076806 -0.5015635
9.35453 11551 -0.4634197 0.0103230 0.0147374 0.0478794 -0.5363595
9.37763 11821 -0.3695994 0.0106226 0.0245656 0.0962714 -0.5010589
9.40071 12097 -0.1173582 0.0089959 0.0313715 0.1343678 -0.2920934
9.42384 12380 0.0072129 0.0049283 0.0372066 0.1737120 -0.2086340
9.44691 12669 0.0980383 0.0052593 0.0417478 0.1955908 -0.1445595
9.47001 12965 0.0441375 0.0055958 0.0399877 0.1859487 -0.1873947
9.49311 13268 -0.0485443 -0.0005291 0.0332342 0.1674935 -0.2487429
9.51613 13577 -0.1184780 -0.0075348 0.0215820 0.1267467 -0.2592720
9.53921 13894 -0.1059855 -0.0094758 0.0125590 0.0864844 -0.1955530
9.56233 14219 -0.0070777 -0.0130272 0.0154328 0.1097321 -0.1192154
9.58541 14551 -0.0582045 -0.0072336 0.0169272 0.1027202 -0.1706183
9.60851 14891 -0.1681281 0.0019352 0.0116975 0.0536494 -0.2354103
9.63161 15239 -0.0653877 0.0034270 0.0117819 0.0503421 -0.1309387
9.65464 15594 -0.0009198 0.0031242 0.0103395 0.0438870 -0.0582705
9.67778 15959 0.0438615 0.0044016 0.0039305 0.0086486 0.0268809
9.70082 16331 0.1426615 0.0089656 0.0039750 -0.0025390 0.1322600
9.72394 16713 0.3210203 0.0083705 0.0109547 0.0338470 0.2678481
9.74701 17103 0.5175282 0.0053796 0.0100274 0.0366882 0.4654330
9.77007 17502 0.6551890 0.0055380 0.0067365 0.0198374 0.6230770
9.79317 17911 0.7468090 -0.0034484 0.0026354 0.0217980 0.7258241
9.81624 18329 0.7480084 -0.0104141 -0.0028337 0.0118667 0.7493895
9.83932 18757 0.6900490 -0.0179317 -0.0116331 -0.0133363 0.7329501
9.86241 19195 0.5850359 -0.0212439 -0.0095397 0.0054116 0.6104080
9.88553 19644 0.3482608 -0.0104910 -0.0142149 -0.0448473 0.4178140
9.90857 20102 0.0525662 0.0061168 -0.0245669 -0.1381263 0.2091425
9.93169 20572 -0.0392382 0.0125405 -0.0262135 -0.1624186 0.1368533
9.95475 21052 -0.0676841 0.0128254 -0.0215875 -0.1400009 0.0810789
9.97785 21544 0.0037254 0.0100736 -0.0110115 -0.0802412 0.0849045
10.00093 22047 0.1751920 0.0098753 -0.0021318 -0.0353471 0.2027956
10.02402 22562 0.2764914 0.0084883 0.0027095 -0.0076729 0.2729665
10.04711 23089 0.2616445 0.0058382 0.0088581 0.0296949 0.2172533
10.07019 23628 0.2696744 0.0012902 0.0148271 0.0709099 0.1826472
10.09328 24180 0.2556978 -0.0148096 0.0072022 0.0730347 0.1902705
10.11634 24744 0.2447263 -0.0219138 -0.0009619 0.0499751 0.2176270
10.13943 25322 0.2711318 -0.0142213 0.0007563 0.0393346 0.2452622
10.16250 25913 0.2784817 -0.0067521 0.0079282 0.0565211 0.2207846
10.18562 26519 0.2200217 0.0018570 0.0110560 0.0506373 0.1564714
10.20869 27138 0.0738932 0.0046401 0.0066709 0.0217542 0.0408280
10.23178 27772 0.0406732 0.0043859 0.0043739 0.0109048 0.0210086
10.25485 28420 -0.0509089 0.0077724 0.0052093 0.0066154 -0.0705059
10.27794 29084 -0.2359535 0.0157965 0.0081500 0.0012590 -0.2611590
10.30102 29763 -0.2962895 0.0186374 0.0075316 -0.0089354 -0.3135230
10.32410 30458 -0.2404161 0.0126775 0.0118685 0.0276488 -0.2926110
10.34718 31169 -0.1403423 0.0084707 0.0175343 0.0664949 -0.2328423
10.37027 31897 -0.1327599 -0.0031450 0.0118631 0.0671781 -0.2086562
10.39336 32642 -0.1601252 -0.0157080 -0.0000028 0.0392561 -0.1836704
10.41643 33404 -0.1317321 -0.0144525 -0.0117742 -0.0227395 -0.0827659
10.43951 34184 -0.0340564 -0.0104174 -0.0170396 -0.0591546 0.0525552
10.46262 34983 -0.0528136 -0.0097960 -0.0164662 -0.0578407 0.0312893
10.48570 35800 -0.1025929 -0.0043209 -0.0084009 -0.0312022 -0.0586689
10.50879 36636 -0.2751495 0.0076964 -0.0087729 -0.0631054 -0.2109676
10.53186 37491 -0.3692966 0.0068299 -0.0162782 -0.0984660 -0.2613822
10.55495 38367 -0.2974445 0.0071240 -0.0241887 -0.1387537 -0.1416261
10.57804 39263 -0.3351554 0.0044518 -0.0309994 -0.1661263 -0.1424815
10.60112 40180 -0.2469204 0.0090737 -0.0269985 -0.1576764 -0.0713192
10.62420 41118 -0.1916562 0.0038973 -0.0190293 -0.1048894 -0.0716348
10.64728 42078 -0.2005108 -0.0031143 -0.0145658 -0.0650435 -0.1177872
10.67037 43061 -0.1277059 -0.0083632 -0.0071144 -0.0146642 -0.0975641
10.69344 44066 -0.0735071 -0.0173954 -0.0020422 0.0332773 -0.0873468
10.71653 45095 -0.1503582 -0.0212433 -0.0019176 0.0435205 -0.1707179
10.73961 46148 -0.1571264 -0.0164113 -0.0003021 0.0395177 -0.1799306
10.76270 47226 -0.1380885 0.0017391 -0.0002246 -0.0054707 -0.1341323
10.78579 48329 -0.0596364 0.0152736 0.0054653 -0.0108573 -0.0695180
10.80886 49457 0.0729117 0.0152406 0.0061985 -0.0071088 0.0585814
10.83194 50612 0.0799176 0.0113988 0.0079788 0.0113968 0.0491431
10.85503 51794 0.0444696 0.0110206 0.0126000 0.0354484 -0.0145994
10.87812 53004 0.0195251 0.0091236 0.0193275 0.0738284 -0.0827544
10.90121 54242 0.0014080 0.0078645 0.0245955 0.1033162 -0.1343682
10.92428 55508 -0.0410939 0.0053210 0.0266426 0.1199107 -0.1929682
10.94736 56804 -0.0809863 0.0008382 0.0228294 0.1120513 -0.2167052
10.97045 58131 -0.0317274 -0.0078051 0.0191822 0.1154240 -0.1585285
10.99353 59488 -0.0023407 -0.0152541 0.0080767 0.0785187 -0.0736820
11.01663 60878 0.0218791 -0.0173828 0.0036685 0.0617997 -0.0262063
11.03970 62299 0.0438349 -0.0147175 0.0014265 0.0439262 0.0131997
11.06279 63754 0.0137169 0.0001117 -0.0002371 -0.0014648 0.0153071
11.08587 65243 0.0240754 0.0067827 -0.0034644 -0.0342788 0.0550359
11.10895 66766 0.0641125 0.0035722 -0.0022795 -0.0203282 0.0831480
11.13205 68326 -0.0193585 0.0011369 -0.0038898 -0.0222913 0.0056857
11.15512 69921 -0.1258438 0.0041629 -0.0063874 -0.0423441 -0.0812753
11.17821 71554 -0.1872609 0.0096545 -0.0118059 -0.0831655 -0.1019440
11.20129 73225 -0.2084839 0.0127162 -0.0199340 -0.1314607 -0.0698054
11.22438 74935 -0.1972749 0.0103709 -0.0199699 -0.1257768 -0.0618991
11.24746 76685 -0.1116335 -0.0026579 -0.0204057 -0.0953838 0.0068139
11.27054 78475 -0.0939729 -0.0084098 -0.0240527 -0.0992388 0.0377284
11.29362 80308 -0.0940643 -0.0106543 -0.0195904 -0.0713163 0.0074966
11.31670 82183 -0.0766208 -0.0063237 -0.0166881 -0.0676313 0.0140223
11.33980 84103 0.0422022 -0.0075076 -0.0148901 -0.0556816 0.1202814
11.36288 86067 0.0140000 -0.0052262 -0.0150561 -0.0622153 0.0964976
11.38596 88076 -0.0266742 0.0030872 -0.0124952 -0.0701942 0.0529280
11.40904 90133 0.0098663 0.0145487 -0.0093831 -0.0832871 0.0879878
11.43213 92238 0.0220367 0.0147342 -0.0024820 -0.0492453 0.0590298
11.45521 94392 0.0749709 0.0040649 0.0021485 0.0005802 0.0681773
11.47829 96596 0.1302302 0.0012861 0.0084533 0.0390514 0.0814394
11.50138 98852 0.2022007 0.0009616 0.0105857 0.0505244 0.1401290
11.52446 101160 0.1281243 -0.0023774 0.0121454 0.0666704 0.0516859
11.54755 103523 0.0836749 -0.0052532 0.0142394 0.0843297 -0.0096409
11.57063 105940 0.1690475 -0.0090772 0.0183419 0.1144026 0.0453802
11.59371 108414 0.2447722 -0.0125437 0.0296198 0.1794583 0.0482378
11.61680 110946 0.3308298 -0.0123096 0.0361680 0.2116139 0.0953574
11.63988 113537 0.1786418 -0.0044432 0.0377395 0.1998054 -0.0544599
11.66296 116188 0.1049528 0.0023266 0.0355258 0.1718124 -0.1047120
11.68605 118901 0.1734425 0.0073736 0.0298636 0.1308840 0.0053213
11.70913 121678 0.2111258 0.0059785 0.0302219 0.1361631 0.0387623
11.73221 124519 0.1456206 0.0036378 0.0282248 0.1320295 -0.0182714
11.75530 127427 -0.0222728 0.0024126 0.0257496 0.1227163 -0.1731512
11.77838 130403 -0.2472624 0.0137748 0.0193212 0.0621690 -0.3425275
11.80147 133448 -0.3579679 0.0156288 0.0138015 0.0299354 -0.4173336
11.82455 136564 -0.2863329 0.0085404 0.0157958 0.0576281 -0.3682972
11.84763 139753 -0.1969871 -0.0029532 0.0194068 0.1044171 -0.3178580
11.87072 143017 -0.1263598 -0.0145037 0.0173420 0.1229696 -0.2521677
11.89380 146357 0.0447855 -0.0174850 0.0124372 0.1058983 -0.0560650
11.91688 149774 0.0878524 -0.0146899 0.0070138 0.0717937 0.0237348
11.93997 153272 0.1133298 -0.0077244 0.0006848 0.0227352 0.0976342
11.96305 156851 0.0084765 -0.0049140 -0.0118397 -0.0469135 0.0721436
11.98614 160514 -0.1350471 0.0065112 -0.0225337 -0.1289468 0.0099222
12.00922 164262 -0.1617784 0.0081390 -0.0311531 -0.1761131 0.0373488
12.03230 168098 -0.2937659 0.0094083 -0.0421885 -0.2344632 -0.0265226
12.05538 172023 -0.4033047 0.0110197 -0.0518574 -0.2868364 -0.0756305
12.07847 176041 -0.4389472 0.0136528 -0.0522399 -0.2953314 -0.1050286
12.10156 180152 -0.4954385 0.0082696 -0.0512085 -0.2767166 -0.1757829
12.12463 184358 -0.4674087 0.0045473 -0.0525185 -0.2739606 -0.1454770
12.14772 188664 -0.3091545 -0.0044718 -0.0486672 -0.2321565 -0.0238589
12.17080 193069 -0.1487726 -0.0122548 -0.0397249 -0.1679875 0.0711945
12.19389 197578 -0.0571623 -0.0131116 -0.0247781 -0.0911116 0.0718391
12.21697 202192 -0.0038138 -0.0115115 -0.0163591 -0.0530166 0.0770734
12.24005 206913 0.0061718 -0.0063386 -0.0196388 -0.0823472 0.1144964
12.26314 211745 -0.0617022 0.0043838 -0.0214987 -0.1184531 0.0738658
12.28622 216690 0.0300220 0.0071703 -0.0153585 -0.0947181 0.1329283
12.30931 221750 0.1956351 0.0062055 -0.0096398 -0.0637127 0.2627822
12.33239 226928 0.2159618 0.0081459 -0.0055406 -0.0480675 0.2614240
12.35547 232228 0.2276913 0.0088509 -0.0013925 -0.0290898 0.2493227
12.37856 237651 0.2355937 0.0079750 -0.0015588 -0.0277314 0.2569089
12.40164 243200 0.2733881 0.0010082 0.0014731 0.0048449 0.2660619
12.42472 248879 0.2919261 -0.0032466 0.0130375 0.0733042 0.2088309
12.44781 254691 0.3585987 -0.0062455 0.0270146 0.1506867 0.1871430
12.47089 260639 0.3832745 -0.0159350 0.0348587 0.2141308 0.1502200
12.49397 266725 0.4601689 -0.0171878 0.0387066 0.2365026 0.2021474
12.51706 272954 0.6617538 -0.0168099 0.0387410 0.2357297 0.4040931
12.54014 279328 0.7683647 -0.0097236 0.0381838 0.2152279 0.5246767
12.56323 285851 0.8108554 0.0047324 0.0351043 0.1636906 0.6073281
12.58631 292526 0.7670876 0.0149087 0.0317297 0.1213770 0.5990722
12.60939 299357 0.6498902 0.0189981 0.0210182 0.0575954 0.5522785
12.63248 306348 0.5394138 0.0135161 0.0109218 0.0208189 0.4941570
12.65556 313502 0.3888623 0.0129152 0.0058004 -0.0032857 0.3734323
12.67864 320823 0.2644364 0.0100142 -0.0024909 -0.0374900 0.2944031
12.70173 328315 0.1640667 0.0092628 -0.0060827 -0.0535704 0.2144569
12.72481 335981 0.1086009 -0.0016115 -0.0025718 -0.0088304 0.1216145
12.74789 343827 -0.0151254 -0.0119306 -0.0013708 0.0229723 -0.0247963
12.77098 351856 -0.0982741 -0.0211097 -0.0042072 0.0317381 -0.1046952
12.79406 360073 -0.1244181 -0.0190264 -0.0019456 0.0378379 -0.1412840
12.81714 368481 -0.1276142 -0.0073587 0.0033036 0.0349150 -0.1584741
12.84023 377086 -0.2416005 0.0025892 0.0005654 -0.0036460 -0.2411091
12.86331 385892 -0.3721154 0.0051040 -0.0008555 -0.0170374 -0.3593264
12.88640 394903 -0.4602417 0.0058204 0.0059241 0.0150696 -0.4870559
12.90948 404125 -0.4684653 0.0074119 0.0091969 0.0274546 -0.5125287
12.93256 413562 -0.4721542 0.0112197 0.0057175 0.0005382 -0.4896296
12.95565 423220 -0.4699290 0.0090500 0.0027513 -0.0088681 -0.4728621
12.97873 433103 -0.5070620 0.0094014 -0.0003763 -0.0253848 -0.4907023
13.00181 443217 -0.5347387 -0.0029334 -0.0087249 -0.0362909 -0.4867895
13.02490 453567 -0.4966038 -0.0125140 -0.0144992 -0.0412107 -0.4283799
13.04798 464158 -0.3246312 -0.0086706 -0.0110047 -0.0333471 -0.2716088
13.07106 474997 -0.2629003 -0.0096354 -0.0051050 -0.0014366 -0.2467232
13.09415 486090 -0.1575427 -0.0082063 0.0044898 0.0429648 -0.1967910
13.11723 497441 0.0325241 -0.0054510 0.0109665 0.0684602 -0.0414516
13.14032 509057 0.1252856 0.0016920 0.0100933 0.0462366 0.0672637
13.16340 520945 0.1381525 0.0153464 0.0069314 -0.0037087 0.1195834
13.18648 533110 0.1764705 0.0185815 0.0091491 -0.0007083 0.1494482
13.20957 545559 0.0971292 0.0074522 0.0122422 0.0425807 0.0348541
13.23265 558299 0.0190641 0.0065937 0.0108600 0.0378159 -0.0362054
13.25573 571336 -0.0068402 0.0011105 0.0096852 0.0456497 -0.0632855
13.27882 584678 0.0572812 0.0003966 0.0074291 0.0361538 0.0133018
13.30190 598332 0.1447102 0.0021529 0.0032015 0.0106253 0.1287306
13.32498 612304 0.2268187 -0.0046877 -0.0016520 0.0034595 0.2296989
13.34807 626603 0.3076162 -0.0153527 -0.0034313 0.0212254 0.3051748
13.37115 641235 0.3067223 -0.0202910 -0.0018341 0.0415569 0.2872905
13.39423 656209 0.1623917 -0.0160298 -0.0113765 -0.0168078 0.2066057
13.41732 671533 0.0498336 -0.0009339 -0.0104698 -0.0500143 0.1112517
13.44040 687215 0.0088634 0.0088444 -0.0074917 -0.0595695 0.0670801
13.46349 703263 -0.1072600 0.0111498 -0.0090272 -0.0730102 -0.0363724
13.48657 719685 -0.2071411 0.0079799 -0.0128703 -0.0843011 -0.1179497
13.50965 736491 -0.1418305 0.0090712 -0.0112469 -0.0789125 -0.0607423
13.53274 753690 -0.1972610 0.0082530 -0.0063487 -0.0523760 -0.1467893
13.55582 771290 -0.3468912 0.0059839 -0.0011532 -0.0207257 -0.3309961
13.57890 789301 -0.4941472 0.0071224 -0.0058690 -0.0471508 -0.4482497
13.60199 807733 -0.5890132 0.0045161 -0.0184289 -0.1034345 -0.4716659
13.62507 826595 -0.5194028 -0.0059306 -0.0287400 -0.1288731 -0.3558591
13.64815 845898 -0.4169420 -0.0105768 -0.0359560 -0.1533380 -0.2170711
13.67124 865652 -0.3097687 -0.0105927 -0.0344770 -0.1459034 -0.1187955
13.69432 885866 -0.2194081 -0.0078547 -0.0256846 -0.1087859 -0.0770828
13.71740 906553 -0.0848887 -0.0029612 -0.0147913 -0.0665533 -0.0005829
13.74049 927723 -0.0365313 0.0014599 -0.0151085 -0.0791919 0.0563092
13.76357 949387 0.0288611 0.0117241 -0.0109028 -0.0838242 0.1118641
13.78666 971557 0.1284200 0.0053034 0.0035671 0.0045772 0.1149722
13.80974 994245 0.1991636 0.0045876 0.0177950 0.0775063 0.0992746
13.83282 1017463 0.2675443 0.0022088 0.0247495 0.1182256 0.1223605
13.85591 1041223 0.2948124 0.0016698 0.0276522 0.1340867 0.1314036
13.87899 1065537 0.3356073 0.0099922 0.0277719 0.1138793 0.1839638
13.90207 1090420 0.2913448 0.0113889 0.0276038 0.1095469 0.1428051
13.92516 1115883 0.2448342 -0.0034325 0.0215023 0.1160931 0.1106712
13.94824 1141942 0.2378058 -0.0109136 0.0168606 0.1115873 0.1202715
13.97132 1168608 0.2404330 -0.0097461 0.0175445 0.1120880 0.1205466
13.99441 1195898 0.0952194 -0.0089571 0.0171896 0.1083407 -0.0213538
14.01749 1223824 -0.0726435 -0.0037968 0.0179908 0.0994464 -0.1862839
14.04057 1252403 -0.1014984 0.0061874 0.0238242 0.1036529 -0.2351629
14.06366 1281649 -0.1468517 0.0103984 0.0217302 0.0826549 -0.2616352
14.08674 1311579 -0.1318778 0.0109441 0.0122764 0.0340219 -0.1891202
14.10983 1342207 -0.0498966 0.0118615 0.0071453 0.0060731 -0.0749766
14.13291 1373550 -0.1331449 0.0127827 0.0052502 -0.0057056 -0.1454722
14.15599 1405625 -0.2899579 0.0060844 0.0004154 -0.0131338 -0.2833239
14.17908 1438449 -0.4489500 0.0027612 -0.0087440 -0.0506226 -0.3923447
14.20216 1472040 -0.4714507 -0.0027981 -0.0127291 -0.0566501 -0.3992733
14.22524 1506415 -0.4009112 -0.0134304 -0.0217301 -0.0750740 -0.2906767
14.24833 1541593 -0.3539563 -0.0162611 -0.0240955 -0.0798247 -0.2337750
14.27141 1577593 -0.3739893 -0.0144297 -0.0270344 -0.0990974 -0.2334278
14.29449 1614433 -0.3673397 -0.0083742 -0.0310272 -0.1342003 -0.1937380
14.31758 1652133 -0.2552676 0.0014797 -0.0315778 -0.1615879 -0.0635817
14.34066 1690714 -0.1093400 0.0106588 -0.0280905 -0.1670993 0.0751911
14.36374 1730195 0.0160700 0.0128498 -0.0226354 -0.1453010 0.1711567
14.38683 1770599 0.0984496 0.0087119 -0.0147452 -0.0955052 0.1999880
14.40991 1811946 0.1744085 0.0109631 -0.0087737 -0.0712758 0.2434948
14.43300 1854259 0.2925784 0.0144705 -0.0034933 -0.0536423 0.3352436
14.45608 1897559 0.3003157 0.0086367 -0.0013535 -0.0283589 0.3213915
14.47916 1941871 0.2534377 0.0139310 -0.0018673 -0.0441636 0.2855377
14.50225 1987218 0.3364658 0.0071311 0.0028493 -0.0035806 0.3300660
14.52533 2033624 0.3787709 -0.0076633 0.0037698 0.0380077 0.3446568
14.54841 2081113 0.2691657 -0.0157613 0.0033052 0.0559297 0.2256921
14.57150 2129711 0.1256166 -0.0126077 0.0094764 0.0789016 0.0498462
14.59458 2179444 0.1344655 -0.0032055 0.0175280 0.0956544 0.0244886
14.61766 2230339 0.1144312 0.0028447 0.0244112 0.1149450 -0.0277697
14.64075 2282422 0.1993236 0.0053567 0.0353862 0.1635397 -0.0049590
14.66383 2335721 0.2507066 0.0061614 0.0402782 0.1859879 0.0182791
14.68691 2390265 0.3610349 0.0092850 0.0351620 0.1525983 0.1639896
14.71000 2446082 0.5034471 0.0162609 0.0276297 0.0974970 0.3620594
14.73308 2503203 0.4945367 0.0200116 0.0275792 0.0878680 0.3590779
14.75617 2561658 0.4480905 0.0144565 0.0320913 0.1243160 0.2772267
14.77925 2621478 0.4460635 0.0006548 0.0291919 0.1443231 0.2718937
14.80233 2682695 0.4319687 -0.0086888 0.0285643 0.1645445 0.2475487
14.82542 2745342 0.4005416 -0.0164405 0.0258063 0.1701336 0.2210421
14.84850 2809451 0.3976562 -0.0179185 0.0206001 0.1477973 0.2471773
14.87158 2875058 0.3371518 -0.0038896 0.0210278 0.1148637 0.2051498
14.89467 2942196 0.2498081 0.0073558 0.0188054 0.0756383 0.1480087
14.91775 3010902 0.3150528 0.0159573 0.0108188 0.0142015 0.2740752
14.94083 3081213 0.4700052 0.0171674 0.0120941 0.0175528 0.4231910
14.96392 3153166 0.4389083 0.0175400 0.0110733 0.0115176 0.3987774
14.98700 3226799 0.3176287 0.0131767 -0.0013486 -0.0396838 0.3454844
15.01008 3302151 0.0758913 0.0178501 -0.0179760 -0.1345043 0.2105215
15.03317 3379263 -0.0096044 0.0162681 -0.0220482 -0.1509101 0.1470858
15.05625 3458176 -0.0996522 0.0091102 -0.0242367 -0.1439580 0.0594324
15.07934 3538931 -0.2275352 0.0008969 -0.0280004 -0.1422429 -0.0581889
15.10242 3621572 -0.2859988 -0.0067274 -0.0320382 -0.1433713 -0.1038619
15.12550 3706144 -0.2389343 -0.0106232 -0.0333369 -0.1401250 -0.0548492
15.14859 3792690 -0.2320663 -0.0091465 -0.0315997 -0.1351309 -0.0561892
15.17167 3881257 -0.3998138 -0.0066394 -0.0318712 -0.1427562 -0.2185470
15.19475 3971892 -0.5578928 0.0031987 -0.0344850 -0.1804203 -0.3461862
15.21784 4064644 -0.6409444 0.0125719 -0.0392222 -0.2275392 -0.3867550
15.24092 4159562 -0.6848572 0.0194503 -0.0405948 -0.2515980 -0.4121146
15.26400 4256696 -0.4711078 0.0188550 -0.0263452 -0.1788618 -0.2847559
15.28709 4356099 -0.2965416 0.0139947 -0.0149211 -0.1095907 -0.1860244
15.31017 4457822 -0.2116620 0.0153212 -0.0077601 -0.0771020 -0.1421211
15.33325 4561922 -0.2015863 0.0203136 -0.0084829 -0.0931967 -0.1202203
15.35634 4668452 -0.1461182 0.0176530 -0.0053341 -0.0708013 -0.0876358
15.37942 4777470 -0.1633868 0.0130887 -0.0015713 -0.0405766 -0.1343276
15.40251 4889034 -0.1630785 -0.0016174 0.0020318 0.0142044 -0.1776973
15.42559 5003202 -0.0725574 -0.0091459 0.0055948 0.0508405 -0.1198468
15.44867 5120037 0.0008109 -0.0056570 0.0117921 0.0731050 -0.0784292
15.47176 5239601 0.1037524 0.0082237 0.0186306 0.0725959 0.0043022
15.49484 5361956 0.2317620 0.0192431 0.0260226 0.0820075 0.1044888
15.51792 5487169 0.2395167 0.0198093 0.0309135 0.1050462 0.0837478
15.54101 5615306 0.2166147 0.0190778 0.0306130 0.1053728 0.0615511
15.56409 5746434 0.2258344 0.0224287 0.0351174 0.1195173 0.0487710
15.58717 5880625 0.0895470 0.0180309 0.0338130 0.1239901 -0.0862869
15.61026 6017950 -0.0100188 0.0191354 0.0278936 0.0916321 -0.1486799
15.63334 6158482 -0.1909950 0.0197973 0.0224928 0.0629736 -0.2962587
15.65642 6302295 -0.2248461 0.0108799 0.0258244 0.1019251 -0.3634754
15.67951 6449466 -0.1517351 0.0056458 0.0278114 0.1249455 -0.3101377
15.70259 6600075 -0.1452545 0.0010341 0.0248663 0.1217491 -0.2929041
15.72568 6754200 -0.1738829 0.0067328 0.0142872 0.0546072 -0.2495102
15.74876 6911924 -0.1353840 0.0110230 0.0069988 0.0074395 -0.1608453
15.77184 7073332 -0.0450082 0.0183135 0.0092958 0.0006982 -0.0733157
15.79493 7238509 -0.0967063 0.0205505 0.0073349 -0.0146982 -0.1098935
15.81801 7407543 -0.2227976 0.0248267 0.0032152 -0.0459873 -0.2048521
15.84109 7580524 -0.2251096 0.0294316 -0.0009419 -0.0782852 -0.1753141
15.86418 7757545 -0.1682503 0.0329706 -0.0057084 -0.1109648 -0.0845477
15.88726 7938699 -0.0778000 0.0306537 -0.0042054 -0.0976574 -0.0065910
15.91034 8124084 -0.0309419 0.0264901 0.0030830 -0.0508063 -0.0097087
15.93343 8313798 0.0241435 0.0242999 0.0104022 -0.0087347 -0.0018239
15.95651 8507942 0.1558242 0.0241257 0.0144884 0.0121319 0.1050782
15.97959 8706620 0.2020494 0.0215087 0.0206498 0.0494817 0.1104092
16.00268 8909938 0.1930313 0.0123374 0.0208999 0.0736603 0.0861337
16.02576 9118003 0.2209753 0.0097119 0.0237359 0.0944045 0.0931229
16.04884 9330927 0.3088269 0.0130022 0.0269679 0.1023388 0.1665180
16.07193 9548823 0.3079555 0.0210468 0.0254650 0.0747130 0.1867308
16.09501 9771808 0.3324870 0.0288965 0.0245761 0.0506444 0.2283701
16.11810 10000000 0.3482545 0.0328817 0.0299821 0.0677116 0.2176791
